-1.344999999999999973e+00
-1.405000000000000027e+00
-1.155000000000000027e+00
-9.312377210216109535e-01
-1.199999999999999956e+00
-1.139999999999999902e+00
-1.100000000000000089e+00
-1.100000000000000089e+00
-1.179999999999999938e+00
-9.508733624454148714e-01
-1.074999999999999956e+00
-6.793587174348697522e-01
-1.080000000000000071e+00
-8.527349228611500465e-01
-8.913043478260869179e-01
-8.237179487179486781e-01
-1.084999999999999964e+00
-9.280575539568345356e-01
-2.361111111111111049e-01
-1.139999999999999902e+00
-7.874999999999999778e-01
-1.155000000000000027e+00
-1.104999999999999982e+00
-7.753906250000000000e-01
-1.090000000000000080e+00
-8.936170212765957022e-01
-6.462264150943396457e-01
-5.882352941176470507e-02
-1.104999999999999982e+00
-2.408376963350785382e-01
-6.061269146608314617e-01
-1.139999999999999902e+00
-7.646103896103896291e-01
-7.047970479704797064e-01
-7.652582159624413682e-01
-7.892441860465115866e-01
-8.585690515806988499e-01
-4.940476190476190688e-01
-3.389830508474576121e-01
-7.634584013050570439e-01
-1.135000000000000009e+00
-1.135000000000000009e+00
-2.883895131086142150e-01
-1.060000000000000053e+00
-6.487119437939110611e-01
-7.464342313787638572e-01
-5.903954802259887558e-01
-3.609022556390977243e-01
-8.446601941747572395e-01
-2.093023255813953598e-01
-2.999999999999999889e-01
-2.352941176470588203e-01
-6.506550218340610980e-01
1.111111111111111049e-01
3.405797101449275499e-01
-7.534668721109398781e-01
-5.760598503740648191e-01
-5.905707196029776895e-01
-3.993506493506493449e-01
3.541666666666666852e-01
-4.736842105263157632e-01
-1.120000000000000107e+00
2.828947368421052544e-01
-2.040816326530612290e-01
-3.205574912891985817e-01
-2.658730158730158721e-01
-8.878504672897195860e-02
-3.531468531468531236e-01
-8.614190687361419352e-01
-4.236760124610591816e-01
6.666666666666666297e-01
-1.114999999999999991e+00
5.853658536585365502e-01
-4.117647058823529216e-01
1.648351648351648394e-02
-7.524752475247524774e-01
-5.987654320987654266e-01
-1.436464088397789995e-01
-3.205574912891985817e-01
2.046875000000000000e+00
9.897959183673469274e-01
-4.148936170212765839e-01
1.349397590361445687e+00
-4.329896907216495006e-01
-7.653721682847896002e-01
-8.065650644783118883e-01
8.750000000000000000e-01
2.083333333333333481e+00
2.083333333333333481e+00
2.676056338028168780e-01
-6.770334928229665428e-01
-3.298969072164948391e-01
1.728395061728394966e-01
4.830508474576271083e-01
-3.275862068965517127e-01
1.228915662650602370e+00
2.941176470588235253e-02
7.889908256880734383e-01
3.732394366197183122e-01
-4.145077720207254041e-02
2.250000000000000000e+00
1.228915662650602370e+00
-2.857142857142856984e-01
-9.354144241119483061e-01
8.367346938775510612e-01
7.727272727272727071e-01
3.431818181818181657e+00
1.858974358974359031e-01
2.421052631578947345e+00
1.402597402597402620e+00
6.810344827586206629e-01
2.725490196078431460e+00
1.744186046511627883e-02
-1.024999999999999911e+00
-6.819085487077535257e-01
1.032967032967033072e+00
3.875000000000000000e+00
7.272727272727272929e-01
1.635135135135135087e+00
3.090909090909090828e+00
1.936507936507936511e+00
3.875000000000000000e+00
1.686567164179104461e+00
-8.630136986301369939e-01
3.021739130434782705e+00
2.425925925925926041e+00
2.196721311475410054e+00
3.534883720930232620e+00
1.794117647058823595e+00
3.404761904761904656e+00
7.326732673267326579e-01
7.129629629629629095e-01
3.062500000000000000e+00
8.421052631578946901e-01
7.857142857142856984e-01
3.130434782608695787e+00
3.239130434782608869e+00
3.431818181818181657e+00
3.111111111111111160e+00
3.534883720930232620e+00
3.875000000000000000e+00
2.245614035087719174e+00
3.302325581395348930e+00
3.042553191489361541e+00
3.750000000000000000e+00
3.062500000000000000e+00
2.181818181818181657e+00
3.431818181818181657e+00
3.634146341463414753e+00
3.042553191489361541e+00
3.239130434782608869e+00
3.431818181818181657e+00
4.000000000000000000e+00
4.000000000000000000e+00
3.534883720930232620e+00
3.333333333333333481e+00
4.000000000000000000e+00
3.625000000000000000e+00
3.534883720930232620e+00
4.270270270270270174e+00
3.756097560975609539e+00
4.000000000000000000e+00
3.750000000000000000e+00
3.642857142857142794e+00
3.431818181818181657e+00
3.431818181818181657e+00
3.756097560975609539e+00
3.756097560975609539e+00
3.523809523809523725e+00
3.318181818181818343e+00
2.936170212765957466e+00
3.756097560975609539e+00
2.723404255319148870e+00
4.131578947368421240e+00
4.000000000000000000e+00
3.756097560975609539e+00
1.983870967741935498e+00
4.000000000000000000e+00
3.090909090909090828e+00
3.534883720930232620e+00
3.302325581395348930e+00
3.534883720930232620e+00
4.131578947368421240e+00
3.431818181818181657e+00
3.534883720930232620e+00
3.875000000000000000e+00
3.333333333333333481e+00
3.318181818181818343e+00
4.131578947368421240e+00
3.756097560975609539e+00
3.642857142857142794e+00
1.769230769230769162e+00
3.534883720930232620e+00
2.673469387755102122e+00
3.062500000000000000e+00
3.534883720930232620e+00
3.204545454545454586e+00
4.000000000000000000e+00
4.000000000000000000e+00
3.534883720930232620e+00
4.000000000000000000e+00
3.625000000000000000e+00
3.318181818181818343e+00
3.239130434782608869e+00
3.756097560975609539e+00
2.363636363636363757e+00
4.131578947368421240e+00
3.642857142857142794e+00
4.270270270270270174e+00
3.642857142857142794e+00
3.875000000000000000e+00
3.148936170212766061e+00
2.518518518518518601e+00
3.111111111111111160e+00
4.270270270270270174e+00
3.062500000000000000e+00
4.131578947368421240e+00
2.877551020408163129e+00
2.750000000000000000e+00
3.431818181818181657e+00
3.042553191489361541e+00
3.302325581395348930e+00
3.875000000000000000e+00
2.431372549019607643e+00
3.756097560975609539e+00
2.700000000000000178e+00
2.936170212765957466e+00
3.756097560975609539e+00
2.823529411764706065e+00
3.431818181818181657e+00
4.131578947368421240e+00
2.673469387755102122e+00
3.750000000000000000e+00
3.875000000000000000e+00
3.523809523809523725e+00
3.642857142857142794e+00
2.076923076923077094e+00
3.021739130434782705e+00
3.523809523809523725e+00
3.875000000000000000e+00
3.148936170212766061e+00
3.642857142857142794e+00
3.625000000000000000e+00
3.743589743589743613e+00
2.425925925925926041e+00
3.642857142857142794e+00
3.642857142857142794e+00
3.875000000000000000e+00
2.750000000000000000e+00
2.936170212765957466e+00
2.425925925925926041e+00
4.131578947368421240e+00
3.418604651162790553e+00
3.642857142857142794e+00
3.642857142857142794e+00
2.799999999999999822e+00
2.250000000000000000e+00
3.418604651162790553e+00
3.534883720930232620e+00
3.239130434782608869e+00
2.431372549019607643e+00
3.148936170212766061e+00
3.302325581395348930e+00
2.461538461538461675e+00
4.000000000000000000e+00
3.756097560975609539e+00
3.239130434782608869e+00
2.899999999999999911e+00
3.534883720930232620e+00
3.431818181818181657e+00
3.431818181818181657e+00
2.431372549019607643e+00
3.634146341463414753e+00
3.534883720930232620e+00
3.111111111111111160e+00
3.239130434782608869e+00
4.270270270270270174e+00
3.534883720930232620e+00
3.625000000000000000e+00
4.000000000000000000e+00
3.111111111111111160e+00
2.854166666666666519e+00
3.431818181818181657e+00
3.642857142857142794e+00
3.302325581395348930e+00
3.333333333333333481e+00
3.318181818181818343e+00
3.239130434782608869e+00
3.431818181818181657e+00
3.333333333333333481e+00
3.204545454545454586e+00
2.529411764705882248e+00
3.148936170212766061e+00
4.000000000000000000e+00
3.523809523809523725e+00
3.875000000000000000e+00
3.512195121951219523e+00
3.239130434782608869e+00
3.534883720930232620e+00
3.534883720930232620e+00
3.756097560975609539e+00
3.148936170212766061e+00
3.875000000000000000e+00
3.642857142857142794e+00
4.000000000000000000e+00
3.642857142857142794e+00
3.642857142857142794e+00
3.239130434782608869e+00
3.204545454545454586e+00
3.756097560975609539e+00
3.756097560975609539e+00
3.204545454545454586e+00
4.000000000000000000e+00
4.131578947368421240e+00
2.979591836734694077e+00
3.302325581395348930e+00
3.534883720930232620e+00
3.111111111111111160e+00
3.318181818181818343e+00
3.756097560975609539e+00
2.425925925925926041e+00
3.642857142857142794e+00
4.270270270270270174e+00
3.239130434782608869e+00
3.431818181818181657e+00
4.000000000000000000e+00
3.875000000000000000e+00
3.534883720930232620e+00
3.642857142857142794e+00
3.148936170212766061e+00
2.979591836734694077e+00
3.148936170212766061e+00
3.404761904761904656e+00
3.756097560975609539e+00
3.333333333333333481e+00
3.756097560975609539e+00
3.756097560975609539e+00
3.534883720930232620e+00
4.270270270270270174e+00
3.239130434782608869e+00
2.829787234042553390e+00
3.431818181818181657e+00
4.135135135135135087e+00
3.875000000000000000e+00
1.267441860465116310e+00
4.000000000000000000e+00
4.270270270270270174e+00
2.775510204081632626e+00
3.634146341463414753e+00
2.627450980392156854e+00
4.000000000000000000e+00
4.000000000000000000e+00
1.835820895522388030e+00
4.270270270270270174e+00
3.512195121951219523e+00
3.302325581395348930e+00
3.756097560975609539e+00
2.936170212765957466e+00
3.302325581395348930e+00
3.404761904761904656e+00
3.534883720930232620e+00
3.111111111111111160e+00
4.000000000000000000e+00
3.222222222222222321e+00
4.131578947368421240e+00
3.431818181818181657e+00
3.333333333333333481e+00
3.318181818181818343e+00
3.239130434782608869e+00
2.854166666666666519e+00
2.500000000000000000e+00
2.854166666666666519e+00
3.534883720930232620e+00
3.021739130434782705e+00
4.000000000000000000e+00
3.239130434782608869e+00
2.396226415094339757e+00
4.000000000000000000e+00
3.333333333333333481e+00
3.333333333333333481e+00
3.642857142857142794e+00
3.333333333333333481e+00
3.512195121951219523e+00
3.875000000000000000e+00
3.239130434782608869e+00
2.979591836734694077e+00
4.270270270270270174e+00
3.875000000000000000e+00
2.545454545454545414e+00
3.148936170212766061e+00
3.756097560975609539e+00
3.111111111111111160e+00
3.534883720930232620e+00
3.431818181818181657e+00
3.534883720930232620e+00
2.899999999999999911e+00
2.913043478260869623e+00
3.756097560975609539e+00
3.431818181818181657e+00
3.642857142857142794e+00
3.431818181818181657e+00
3.642857142857142794e+00
3.042553191489361541e+00
3.148936170212766061e+00
2.529411764705882248e+00
3.875000000000000000e+00
2.888888888888888840e+00
2.854166666666666519e+00
3.756097560975609539e+00
3.222222222222222321e+00
3.642857142857142794e+00
3.111111111111111160e+00
4.000000000000000000e+00
4.131578947368421240e+00
2.804347826086956541e+00
3.111111111111111160e+00
3.756097560975609539e+00
2.823529411764706065e+00
4.000000000000000000e+00
3.512195121951219523e+00
3.021739130434782705e+00
3.625000000000000000e+00
4.000000000000000000e+00
3.333333333333333481e+00
3.204545454545454586e+00
4.000000000000000000e+00
4.000000000000000000e+00
3.642857142857142794e+00
2.700000000000000178e+00
3.523809523809523725e+00
3.875000000000000000e+00
3.534883720930232620e+00
4.270270270270270174e+00
3.871794871794871806e+00
4.000000000000000000e+00
4.131578947368421240e+00
1.424242424242424310e+00
3.042553191489361541e+00
2.673469387755102122e+00
3.239130434782608869e+00
3.318181818181818343e+00
3.625000000000000000e+00
3.642857142857142794e+00
4.131578947368421240e+00
2.666666666666666519e+00
3.333333333333333481e+00
3.642857142857142794e+00
3.431818181818181657e+00
4.131578947368421240e+00
3.534883720930232620e+00
2.189655172413793149e+00
3.431818181818181657e+00
3.333333333333333481e+00
3.431818181818181657e+00
3.534883720930232620e+00
4.000000000000000000e+00
4.270270270270270174e+00
4.000000000000000000e+00
3.642857142857142794e+00
3.875000000000000000e+00
4.270270270270270174e+00
2.979591836734694077e+00
4.000000000000000000e+00
3.642857142857142794e+00
3.523809523809523725e+00
3.512195121951219523e+00
4.270270270270270174e+00
3.302325581395348930e+00
3.756097560975609539e+00
2.303571428571428381e+00
2.611111111111111160e+00
3.750000000000000000e+00
3.204545454545454586e+00
2.854166666666666519e+00
3.239130434782608869e+00
3.148936170212766061e+00
3.534883720930232620e+00
3.756097560975609539e+00
3.642857142857142794e+00
3.148936170212766061e+00
4.131578947368421240e+00
2.700000000000000178e+00
4.131578947368421240e+00
2.913043478260869623e+00
3.743589743589743613e+00
2.979591836734694077e+00
2.829787234042553390e+00
2.823529411764706065e+00
3.239130434782608869e+00
3.875000000000000000e+00
3.418604651162790553e+00
3.062500000000000000e+00
3.534883720930232620e+00
3.875000000000000000e+00
3.625000000000000000e+00
3.756097560975609539e+00
3.875000000000000000e+00
3.534883720930232620e+00
3.021739130434782705e+00
3.418604651162790553e+00
3.642857142857142794e+00
4.131578947368421240e+00
3.534883720930232620e+00
2.979591836734694077e+00
3.512195121951219523e+00
2.829787234042553390e+00
4.131578947368421240e+00
4.000000000000000000e+00
3.239130434782608869e+00
3.390243902439024293e+00
3.875000000000000000e+00
3.642857142857142794e+00
3.625000000000000000e+00
3.431818181818181657e+00
3.431818181818181657e+00
3.239130434782608869e+00
3.333333333333333481e+00
3.756097560975609539e+00
3.512195121951219523e+00
3.111111111111111160e+00
3.642857142857142794e+00
3.642857142857142794e+00
3.642857142857142794e+00
4.131578947368421240e+00
3.148936170212766061e+00
4.000000000000000000e+00
3.534883720930232620e+00
4.000000000000000000e+00
2.431372549019607643e+00
3.431818181818181657e+00
3.431818181818181657e+00
3.148936170212766061e+00
3.285714285714285587e+00
2.700000000000000178e+00
2.673469387755102122e+00
3.534883720930232620e+00
3.875000000000000000e+00
3.875000000000000000e+00
3.431818181818181657e+00
3.318181818181818343e+00
3.000000000000000000e+00
2.679245283018867774e+00
3.021739130434782705e+00
3.222222222222222321e+00
3.302325581395348930e+00
4.000000000000000000e+00
3.534883720930232620e+00
2.936170212765957466e+00
3.756097560975609539e+00
3.642857142857142794e+00
3.756097560975609539e+00
4.000000000000000000e+00
2.627450980392156854e+00
3.148936170212766061e+00
4.000000000000000000e+00
3.523809523809523725e+00
3.871794871794871806e+00
3.042553191489361541e+00
3.523809523809523725e+00
3.871794871794871806e+00
3.750000000000000000e+00
3.318181818181818343e+00
3.534883720930232620e+00
3.418604651162790553e+00
2.979591836734694077e+00
4.131578947368421240e+00
3.523809523809523725e+00
3.111111111111111160e+00
3.642857142857142794e+00
3.062500000000000000e+00
4.000000000000000000e+00
2.600000000000000089e+00
3.111111111111111160e+00
3.756097560975609539e+00
4.270270270270270174e+00
3.021739130434782705e+00
2.829787234042553390e+00
3.111111111111111160e+00
3.268292682926829062e+00
4.135135135135135087e+00
3.333333333333333481e+00
2.775510204081632626e+00
3.756097560975609539e+00
3.042553191489361541e+00
2.979591836734694077e+00
4.131578947368421240e+00
3.875000000000000000e+00
3.062500000000000000e+00
4.131578947368421240e+00
2.482142857142857206e+00
3.756097560975609539e+00
3.148936170212766061e+00
3.642857142857142794e+00
3.268292682926829062e+00
3.642857142857142794e+00
3.756097560975609539e+00
3.302325581395348930e+00
4.000000000000000000e+00
3.642857142857142794e+00
3.333333333333333481e+00
3.875000000000000000e+00
3.875000000000000000e+00
2.700000000000000178e+00
2.272727272727272929e+00
3.431818181818181657e+00
2.617021276595744794e+00
3.021739130434782705e+00
3.204545454545454586e+00
3.239130434782608869e+00
3.431818181818181657e+00
2.600000000000000089e+00
3.534883720930232620e+00
3.512195121951219523e+00
3.750000000000000000e+00
3.534883720930232620e+00
3.642857142857142794e+00
3.642857142857142794e+00
2.272727272727272929e+00
2.979591836734694077e+00
4.131578947368421240e+00
3.239130434782608869e+00
3.534883720930232620e+00
2.627450980392156854e+00
3.500000000000000000e+00
2.799999999999999822e+00
3.204545454545454586e+00
3.875000000000000000e+00
2.854166666666666519e+00
3.756097560975609539e+00
3.239130434782608869e+00
2.899999999999999911e+00
3.404761904761904656e+00
3.186046511627906863e+00
3.148936170212766061e+00
3.204545454545454586e+00
3.534883720930232620e+00
3.333333333333333481e+00
3.756097560975609539e+00
3.534883720930232620e+00
3.062500000000000000e+00
3.069767441860465240e+00
4.131578947368421240e+00
4.000000000000000000e+00
3.875000000000000000e+00
4.000000000000000000e+00
3.239130434782608869e+00
4.270270270270270174e+00
4.135135135135135087e+00
3.875000000000000000e+00
3.000000000000000000e+00
3.130434782608695787e+00
3.523809523809523725e+00
3.431818181818181657e+00
2.600000000000000089e+00
4.270270270270270174e+00
3.239130434782608869e+00
3.285714285714285587e+00
3.642857142857142794e+00
3.534883720930232620e+00
2.823529411764706065e+00
3.418604651162790553e+00
3.756097560975609539e+00
3.875000000000000000e+00
3.625000000000000000e+00
3.204545454545454586e+00
2.700000000000000178e+00
2.245614035087719174e+00
3.333333333333333481e+00
3.534883720930232620e+00
3.756097560975609539e+00
3.875000000000000000e+00
2.979591836734694077e+00
2.750000000000000000e+00
2.936170212765957466e+00
2.461538461538461675e+00
3.534883720930232620e+00
3.642857142857142794e+00
2.775510204081632626e+00
3.534883720930232620e+00
3.239130434782608869e+00
3.186046511627906863e+00
3.333333333333333481e+00
2.695652173913043459e+00
3.111111111111111160e+00
3.642857142857142794e+00
3.302325581395348930e+00
3.625000000000000000e+00
3.111111111111111160e+00
3.431818181818181657e+00
3.333333333333333481e+00
2.854166666666666519e+00
3.534883720930232620e+00
2.482142857142857206e+00
3.431818181818181657e+00
4.131578947368421240e+00
3.239130434782608869e+00
2.461538461538461675e+00
3.756097560975609539e+00
3.404761904761904656e+00
4.131578947368421240e+00
3.062500000000000000e+00
2.700000000000000178e+00
3.431818181818181657e+00
4.131578947368421240e+00
3.431818181818181657e+00
3.756097560975609539e+00
3.333333333333333481e+00
2.490566037735848948e+00
2.482142857142857206e+00
4.131578947368421240e+00
3.239130434782608869e+00
3.431818181818181657e+00
3.404761904761904656e+00
3.333333333333333481e+00
3.743589743589743613e+00
3.431818181818181657e+00
3.418604651162790553e+00
2.829787234042553390e+00
3.875000000000000000e+00
3.431818181818181657e+00
3.333333333333333481e+00
3.642857142857142794e+00
3.875000000000000000e+00
3.222222222222222321e+00
3.186046511627906863e+00
3.875000000000000000e+00
3.756097560975609539e+00
3.642857142857142794e+00
4.000000000000000000e+00
3.148936170212766061e+00
3.302325581395348930e+00
3.750000000000000000e+00
3.523809523809523725e+00
3.634146341463414753e+00
3.523809523809523725e+00
3.642857142857142794e+00
4.131578947368421240e+00
2.829787234042553390e+00
3.239130434782608869e+00
4.000000000000000000e+00
2.854166666666666519e+00
3.148936170212766061e+00
3.239130434782608869e+00
3.404761904761904656e+00
2.958333333333333481e+00
3.875000000000000000e+00
3.534883720930232620e+00
3.756097560975609539e+00
3.756097560975609539e+00
4.000000000000000000e+00
2.775510204081632626e+00
4.000000000000000000e+00
3.333333333333333481e+00
3.390243902439024293e+00
3.062500000000000000e+00
3.756097560975609539e+00
3.642857142857142794e+00
3.756097560975609539e+00
3.239130434782608869e+00
2.431372549019607643e+00
2.877551020408163129e+00
3.625000000000000000e+00
2.854166666666666519e+00
3.021739130434782705e+00
2.673469387755102122e+00
3.333333333333333481e+00
2.775510204081632626e+00
3.756097560975609539e+00
3.534883720930232620e+00
3.642857142857142794e+00
3.534883720930232620e+00
3.431818181818181657e+00
3.239130434782608869e+00
4.000000000000000000e+00
4.000000000000000000e+00
3.875000000000000000e+00
2.775510204081632626e+00
3.239130434782608869e+00
3.512195121951219523e+00
3.534883720930232620e+00
3.875000000000000000e+00
3.333333333333333481e+00
2.823529411764706065e+00
3.431818181818181657e+00
3.239130434782608869e+00
3.404761904761904656e+00
3.642857142857142794e+00
3.148936170212766061e+00
3.418604651162790553e+00
3.642857142857142794e+00
3.875000000000000000e+00
4.000000000000000000e+00
4.000000000000000000e+00
2.936170212765957466e+00
3.625000000000000000e+00
3.111111111111111160e+00
4.000000000000000000e+00
4.000000000000000000e+00
3.756097560975609539e+00
2.725490196078431460e+00
4.000000000000000000e+00
3.625000000000000000e+00
4.000000000000000000e+00
4.000000000000000000e+00
3.875000000000000000e+00
3.318181818181818343e+00
3.333333333333333481e+00
4.000000000000000000e+00
3.534883720930232620e+00
3.523809523809523725e+00
2.145161290322580516e+00
3.111111111111111160e+00
3.148936170212766061e+00
4.131578947368421240e+00
2.461538461538461675e+00
3.642857142857142794e+00
4.000000000000000000e+00
3.534883720930232620e+00
2.214285714285714413e+00
3.756097560975609539e+00
3.642857142857142794e+00
2.545454545454545414e+00
3.418604651162790553e+00
3.042553191489361541e+00
2.958333333333333481e+00
3.642857142857142794e+00
3.186046511627906863e+00
3.871794871794871806e+00
4.000000000000000000e+00
1.538461538461538547e+00
4.000000000000000000e+00
4.131578947368421240e+00
3.285714285714285587e+00
3.318181818181818343e+00
3.875000000000000000e+00
3.756097560975609539e+00
3.750000000000000000e+00
2.804347826086956541e+00
3.239130434782608869e+00
3.875000000000000000e+00
3.333333333333333481e+00
3.875000000000000000e+00
3.404761904761904656e+00
3.642857142857142794e+00
3.625000000000000000e+00
3.642857142857142794e+00
3.534883720930232620e+00
3.431818181818181657e+00
3.523809523809523725e+00
2.936170212765957466e+00
3.062500000000000000e+00
2.936170212765957466e+00
3.431818181818181657e+00
3.333333333333333481e+00
3.062500000000000000e+00
3.642857142857142794e+00
3.642857142857142794e+00
4.000000000000000000e+00
2.145161290322580516e+00
3.875000000000000000e+00
3.756097560975609539e+00
3.333333333333333481e+00
2.571428571428571619e+00
3.634146341463414753e+00
3.333333333333333481e+00
3.512195121951219523e+00
3.431818181818181657e+00
3.642857142857142794e+00
3.534883720930232620e+00
4.270270270270270174e+00
3.642857142857142794e+00
2.750000000000000000e+00
3.523809523809523725e+00
2.829787234042553390e+00
3.239130434782608869e+00
3.750000000000000000e+00
3.875000000000000000e+00
3.333333333333333481e+00
4.000000000000000000e+00
3.875000000000000000e+00
3.634146341463414753e+00
2.750000000000000000e+00
4.000000000000000000e+00
2.936170212765957466e+00
3.111111111111111160e+00
4.000000000000000000e+00
2.431372549019607643e+00
3.130434782608695787e+00
3.756097560975609539e+00
3.534883720930232620e+00
4.000000000000000000e+00
2.936170212765957466e+00
3.756097560975609539e+00
2.854166666666666519e+00
3.318181818181818343e+00
3.534883720930232620e+00
3.875000000000000000e+00
3.333333333333333481e+00
3.431818181818181657e+00
3.431818181818181657e+00
2.679245283018867774e+00
3.750000000000000000e+00
3.404761904761904656e+00
3.148936170212766061e+00
4.000000000000000000e+00
2.750000000000000000e+00
4.270270270270270174e+00
2.611111111111111160e+00
3.204545454545454586e+00
4.000000000000000000e+00
2.804347826086956541e+00
3.756097560975609539e+00
2.877551020408163129e+00
3.523809523809523725e+00
3.642857142857142794e+00
3.239130434782608869e+00
2.557692307692307487e+00
3.875000000000000000e+00
4.000000000000000000e+00
2.700000000000000178e+00
3.418604651162790553e+00
3.642857142857142794e+00
4.270270270270270174e+00
4.270270270270270174e+00
3.634146341463414753e+00
4.131578947368421240e+00
3.534883720930232620e+00
3.875000000000000000e+00
2.775510204081632626e+00
3.062500000000000000e+00
3.333333333333333481e+00
3.875000000000000000e+00
3.268292682926829062e+00
3.062500000000000000e+00
3.875000000000000000e+00
2.854166666666666519e+00
2.936170212765957466e+00
4.000000000000000000e+00
3.756097560975609539e+00
3.431818181818181657e+00
3.875000000000000000e+00
2.700000000000000178e+00
2.775510204081632626e+00
3.418604651162790553e+00
3.333333333333333481e+00
3.222222222222222321e+00
4.131578947368421240e+00
3.062500000000000000e+00
4.000000000000000000e+00
3.404761904761904656e+00
3.431818181818181657e+00
3.333333333333333481e+00
2.958333333333333481e+00
3.148936170212766061e+00
3.302325581395348930e+00
3.222222222222222321e+00
3.333333333333333481e+00
2.979591836734694077e+00
4.000000000000000000e+00
4.000000000000000000e+00
4.270270270270270174e+00
3.634146341463414753e+00
3.523809523809523725e+00
3.756097560975609539e+00
4.270270270270270174e+00
4.000000000000000000e+00
4.000000000000000000e+00
3.021739130434782705e+00
2.799999999999999822e+00
3.222222222222222321e+00
2.750000000000000000e+00
3.239130434782608869e+00
3.756097560975609539e+00
3.729729729729729826e+00
3.756097560975609539e+00
3.090909090909090828e+00
4.270270270270270174e+00
3.333333333333333481e+00
3.431818181818181657e+00
2.899999999999999911e+00
3.431818181818181657e+00
2.979591836734694077e+00
4.000000000000000000e+00
2.775510204081632626e+00
3.111111111111111160e+00
2.461538461538461675e+00
3.875000000000000000e+00
3.750000000000000000e+00
3.302325581395348930e+00
3.534883720930232620e+00
3.062500000000000000e+00
3.431818181818181657e+00
3.318181818181818343e+00
4.000000000000000000e+00
3.875000000000000000e+00
2.679245283018867774e+00
3.148936170212766061e+00
3.318181818181818343e+00
3.534883720930232620e+00
3.166666666666666519e+00
