-1.191326530612244916e+00
-1.229999999999999982e+00
-1.155000000000000027e+00
-1.135000000000000009e+00
-1.215000000000000080e+00
-1.080000000000000071e+00
-8.174157303370787053e-01
-7.324414715719063107e-01
-1.054999999999999938e+00
-1.080000000000000071e+00
-1.250000000000000000e+00
-9.307304785894207066e-01
-1.120000000000000107e+00
-7.671033478893740654e-01
-8.704663212435233000e-01
-1.054999999999999938e+00
-5.677233429394812347e-01
-4.139194139194138922e-01
-1.159999999999999920e+00
-1.100000000000000089e+00
-1.104999999999999982e+00
-4.019138755980861122e-01
-7.815126050420168058e-01
-1.155000000000000027e+00
-2.410714285714285754e-01
-1.159999999999999920e+00
-1.040000000000000036e+00
-1.165000000000000036e+00
-8.348745046235138689e-01
-1.104999999999999982e+00
-1.758241758241758379e-01
-8.219373219373219408e-01
-7.826086956521739468e-01
1.666666666666666574e-01
-7.381756756756756577e-01
-1.175000000000000044e+00
-1.293532338308457652e-01
-6.888412017167382384e-01
-8.316498316498316390e-01
-6.498905908096279660e-01
-4.161676646706586880e-01
-4.782608695652174058e-01
-1.084999999999999964e+00
6.321839080459770721e-02
-1.129999999999999893e+00
-4.677419354838709409e-01
-3.953488372093023062e-01
-3.911439114391143668e-01
-2.727272727272727071e-01
-3.993506493506493449e-01
-8.448519040902680022e-01
-4.147157190635451518e-01
5.421686746987951916e-02
-1.189999999999999947e+00
-1.030000000000000027e+00
-6.900826446280992066e-01
3.723404255319148759e-02
-1.371681415929203451e-01
-2.830882352941176405e-01
-4.786096256684492234e-01
-2.161016949152542443e-01
-1.586538461538461453e-01
-6.048632218844984809e-01
-3.412162162162162282e-01
8.811881188118811936e-01
-3.838028169014084390e-01
-8.232323232323232043e-01
1.206896551724137984e-01
4.130434782608695676e-01
-8.273878020713463233e-01
-1.094999999999999973e+00
7.788461538461538547e-01
-2.326732673267326856e-01
-4.677871148459383788e-01
-1.294642857142857262e-01
-8.207663782447466305e-01
-3.089430894308943243e-01
-3.743315508021390070e-02
6.525423728813559698e-01
-2.549019607843137081e-01
1.191011235955056202e+00
5.405405405405405705e-02
-2.564102564102564014e-02
9.306930693069307425e-01
-1.822429906542056000e-01
-1.169999999999999929e+00
-9.340659340659340781e-02
1.708333333333333259e+00
-1.284403669724770714e-01
2.046875000000000000e+00
1.600000000000000089e+00
1.317073170731707377e+00
-8.231511254019292512e-01
2.135593220338983134e+00
5.725806451612903691e-01
-1.133004926108374388e-01
-1.090000000000000080e+00
1.375000000000000000e+00
1.096774193548387011e+00
9.473684210526315264e-01
-1.089108910891089105e-01
1.890625000000000000e+00
8.750000000000000000e-01
2.500000000000000000e+00
1.468354430379746889e+00
6.371681415929203451e-01
1.016949152542372947e-01
8.932038834951456785e-01
9.696969696969697239e-01
-5.543175487465180629e-01
1.098765432098765427e+00
2.500000000000000000e-01
2.611111111111111160e+00
3.534883720930232620e+00
3.875000000000000000e+00
2.828947368421052544e-01
3.756097560975609539e+00
1.532467532467532534e+00
2.700000000000000178e+00
8.316831683168316447e-01
3.642857142857142794e+00
4.131578947368421240e+00
3.756097560975609539e+00
3.021739130434782705e+00
1.191011235955056202e+00
4.131578947368421240e+00
2.804347826086956541e+00
1.013888888888888840e+00
3.318181818181818343e+00
3.333333333333333481e+00
2.627450980392156854e+00
2.936170212765957466e+00
3.375000000000000000e+00
3.534883720930232620e+00
3.756097560975609539e+00
3.222222222222222321e+00
3.239130434782608869e+00
2.977272727272727071e+00
3.222222222222222321e+00
3.875000000000000000e+00
3.875000000000000000e+00
3.743589743589743613e+00
3.642857142857142794e+00
3.534883720930232620e+00
3.418604651162790553e+00
4.131578947368421240e+00
3.750000000000000000e+00
3.756097560975609539e+00
4.000000000000000000e+00
3.625000000000000000e+00
3.750000000000000000e+00
3.431818181818181657e+00
3.875000000000000000e+00
3.333333333333333481e+00
3.375000000000000000e+00
3.756097560975609539e+00
3.756097560975609539e+00
3.756097560975609539e+00
3.756097560975609539e+00
3.756097560975609539e+00
3.431818181818181657e+00
4.131578947368421240e+00
2.437500000000000000e+00
2.181818181818181657e+00
3.404761904761904656e+00
3.431818181818181657e+00
3.871794871794871806e+00
3.642857142857142794e+00
3.186046511627906863e+00
3.431818181818181657e+00
3.512195121951219523e+00
3.523809523809523725e+00
4.270270270270270174e+00
4.000000000000000000e+00
1.916666666666666741e+00
3.625000000000000000e+00
3.431818181818181657e+00
3.750000000000000000e+00
2.888888888888888840e+00
3.523809523809523725e+00
3.756097560975609539e+00
3.148936170212766061e+00
4.000000000000000000e+00
3.743589743589743613e+00
3.756097560975609539e+00
4.270270270270270174e+00
3.333333333333333481e+00
3.534883720930232620e+00
2.265306122448979664e+00
3.302325581395348930e+00
2.829787234042553390e+00
3.204545454545454586e+00
3.534883720930232620e+00
4.000000000000000000e+00
4.131578947368421240e+00
3.268292682926829062e+00
3.756097560975609539e+00
3.534883720930232620e+00
2.627450980392156854e+00
4.270270270270270174e+00
3.871794871794871806e+00
3.333333333333333481e+00
3.204545454545454586e+00
3.634146341463414753e+00
2.367346938775510168e+00
3.512195121951219523e+00
3.875000000000000000e+00
4.131578947368421240e+00
3.333333333333333481e+00
3.222222222222222321e+00
3.062500000000000000e+00
3.756097560975609539e+00
3.487179487179487225e+00
4.131578947368421240e+00
4.000000000000000000e+00
3.111111111111111160e+00
3.875000000000000000e+00
4.000000000000000000e+00
3.756097560975609539e+00
2.437500000000000000e+00
3.756097560975609539e+00
3.625000000000000000e+00
4.131578947368421240e+00
3.302325581395348930e+00
3.239130434782608869e+00
3.302325581395348930e+00
4.270270270270270174e+00
3.756097560975609539e+00
3.404761904761904656e+00
3.868421052631578760e+00
3.642857142857142794e+00
3.534883720930232620e+00
3.875000000000000000e+00
3.333333333333333481e+00
2.571428571428571619e+00
3.534883720930232620e+00
3.302325581395348930e+00
3.302325581395348930e+00
3.431818181818181657e+00
4.000000000000000000e+00
4.270270270270270174e+00
4.000000000000000000e+00
2.723404255319148870e+00
3.756097560975609539e+00
4.000000000000000000e+00
3.204545454545454586e+00
4.270270270270270174e+00
3.756097560975609539e+00
4.131578947368421240e+00
3.875000000000000000e+00
3.875000000000000000e+00
2.899999999999999911e+00
3.431818181818181657e+00
3.111111111111111160e+00
3.239130434782608869e+00
3.148936170212766061e+00
3.875000000000000000e+00
3.418604651162790553e+00
3.871794871794871806e+00
3.318181818181818343e+00
3.431818181818181657e+00
2.936170212765957466e+00
3.111111111111111160e+00
3.756097560975609539e+00
2.936170212765957466e+00
2.958333333333333481e+00
3.222222222222222321e+00
3.285714285714285587e+00
4.000000000000000000e+00
3.871794871794871806e+00
3.642857142857142794e+00
3.069767441860465240e+00
3.239130434782608869e+00
3.204545454545454586e+00
3.875000000000000000e+00
4.000000000000000000e+00
3.239130434782608869e+00
3.239130434782608869e+00
4.131578947368421240e+00
2.936170212765957466e+00
3.062500000000000000e+00
3.318181818181818343e+00
3.333333333333333481e+00
3.333333333333333481e+00
3.111111111111111160e+00
4.131578947368421240e+00
3.875000000000000000e+00
3.021739130434782705e+00
2.913043478260869623e+00
2.979591836734694077e+00
4.131578947368421240e+00
3.875000000000000000e+00
3.634146341463414753e+00
3.756097560975609539e+00
4.000000000000000000e+00
3.111111111111111160e+00
2.854166666666666519e+00
3.875000000000000000e+00
4.000000000000000000e+00
4.270270270270270174e+00
3.431818181818181657e+00
3.204545454545454586e+00
3.534883720930232620e+00
3.062500000000000000e+00
3.166666666666666519e+00
4.000000000000000000e+00
2.695652173913043459e+00
3.634146341463414753e+00
3.222222222222222321e+00
3.642857142857142794e+00
3.875000000000000000e+00
4.285714285714285587e+00
3.743589743589743613e+00
2.854166666666666519e+00
3.534883720930232620e+00
4.000000000000000000e+00
3.634146341463414753e+00
3.871794871794871806e+00
3.756097560975609539e+00
3.021739130434782705e+00
2.854166666666666519e+00
2.977272727272727071e+00
3.534883720930232620e+00
4.270270270270270174e+00
3.302325581395348930e+00
3.756097560975609539e+00
3.875000000000000000e+00
2.301886792452830122e+00
3.756097560975609539e+00
3.634146341463414753e+00
3.756097560975609539e+00
2.333333333333333481e+00
3.418604651162790553e+00
3.756097560975609539e+00
3.642857142857142794e+00
2.979591836734694077e+00
4.131578947368421240e+00
3.130434782608695787e+00
3.431818181818181657e+00
3.642857142857142794e+00
3.111111111111111160e+00
2.600000000000000089e+00
3.523809523809523725e+00
3.404761904761904656e+00
3.743589743589743613e+00
2.584905660377358583e+00
3.333333333333333481e+00
3.042553191489361541e+00
4.270270270270270174e+00
4.131578947368421240e+00
3.534883720930232620e+00
3.000000000000000000e+00
4.131578947368421240e+00
4.131578947368421240e+00
2.936170212765957466e+00
3.642857142857142794e+00
3.000000000000000000e+00
3.021739130434782705e+00
3.642857142857142794e+00
3.111111111111111160e+00
2.750000000000000000e+00
4.000000000000000000e+00
2.500000000000000000e+00
3.062500000000000000e+00
4.000000000000000000e+00
3.750000000000000000e+00
2.979591836734694077e+00
3.642857142857142794e+00
4.000000000000000000e+00
3.431818181818181657e+00
3.642857142857142794e+00
3.756097560975609539e+00
3.756097560975609539e+00
3.756097560975609539e+00
3.318181818181818343e+00
3.148936170212766061e+00
3.534883720930232620e+00
3.148936170212766061e+00
2.899999999999999911e+00
3.333333333333333481e+00
3.875000000000000000e+00
4.000000000000000000e+00
3.333333333333333481e+00
4.000000000000000000e+00
2.977272727272727071e+00
2.365384615384615419e+00
3.222222222222222321e+00
3.523809523809523725e+00
3.302325581395348930e+00
3.390243902439024293e+00
3.512195121951219523e+00
4.000000000000000000e+00
3.111111111111111160e+00
3.756097560975609539e+00
3.534883720930232620e+00
3.875000000000000000e+00
3.431818181818181657e+00
4.270270270270270174e+00
4.000000000000000000e+00
3.333333333333333481e+00
3.000000000000000000e+00
3.642857142857142794e+00
3.750000000000000000e+00
3.875000000000000000e+00
2.777777777777777679e+00
4.000000000000000000e+00
3.239130434782608869e+00
3.111111111111111160e+00
3.642857142857142794e+00
3.871794871794871806e+00
3.605263157894736725e+00
3.642857142857142794e+00
4.270270270270270174e+00
2.799999999999999822e+00
3.148936170212766061e+00
3.875000000000000000e+00
3.756097560975609539e+00
3.062500000000000000e+00
3.302325581395348930e+00
3.404761904761904656e+00
3.285714285714285587e+00
3.404761904761904656e+00
3.021739130434782705e+00
3.756097560975609539e+00
3.875000000000000000e+00
3.875000000000000000e+00
3.756097560975609539e+00
3.431818181818181657e+00
3.743589743589743613e+00
3.222222222222222321e+00
2.936170212765957466e+00
3.875000000000000000e+00
4.000000000000000000e+00
3.756097560975609539e+00
3.222222222222222321e+00
3.756097560975609539e+00
3.875000000000000000e+00
3.239130434782608869e+00
3.111111111111111160e+00
2.775510204081632626e+00
3.239130434782608869e+00
1.074468085106383031e+00
3.333333333333333481e+00
3.642857142857142794e+00
3.875000000000000000e+00
3.148936170212766061e+00
3.534883720930232620e+00
4.000000000000000000e+00
4.000000000000000000e+00
3.756097560975609539e+00
3.642857142857142794e+00
3.239130434782608869e+00
3.875000000000000000e+00
3.750000000000000000e+00
4.000000000000000000e+00
1.894736842105263053e+00
2.775510204081632626e+00
4.131578947368421240e+00
3.512195121951219523e+00
3.534883720930232620e+00
3.146341463414634276e+00
3.642857142857142794e+00
4.000000000000000000e+00
3.634146341463414753e+00
2.799999999999999822e+00
3.148936170212766061e+00
3.500000000000000000e+00
3.756097560975609539e+00
3.523809523809523725e+00
3.642857142857142794e+00
3.239130434782608869e+00
4.131578947368421240e+00
2.958333333333333481e+00
3.418604651162790553e+00
4.000000000000000000e+00
3.021739130434782705e+00
2.804347826086956541e+00
4.270270270270270174e+00
1.786885245901639330e+00
4.131578947368421240e+00
3.875000000000000000e+00
3.642857142857142794e+00
4.131578947368421240e+00
3.875000000000000000e+00
4.000000000000000000e+00
3.418604651162790553e+00
3.756097560975609539e+00
3.634146341463414753e+00
3.625000000000000000e+00
3.875000000000000000e+00
3.875000000000000000e+00
3.021739130434782705e+00
2.700000000000000178e+00
3.875000000000000000e+00
2.700000000000000178e+00
4.270270270270270174e+00
3.021739130434782705e+00
4.000000000000000000e+00
2.854166666666666519e+00
3.500000000000000000e+00
4.000000000000000000e+00
3.021739130434782705e+00
3.875000000000000000e+00
3.756097560975609539e+00
3.642857142857142794e+00
2.804347826086956541e+00
3.875000000000000000e+00
4.000000000000000000e+00
3.146341463414634276e+00
4.000000000000000000e+00
3.512195121951219523e+00
3.534883720930232620e+00
3.875000000000000000e+00
3.333333333333333481e+00
3.523809523809523725e+00
3.090909090909090828e+00
3.875000000000000000e+00
3.634146341463414753e+00
3.756097560975609539e+00
3.625000000000000000e+00
3.318181818181818343e+00
2.545454545454545414e+00
2.490566037735848948e+00
2.775510204081632626e+00
3.534883720930232620e+00
3.111111111111111160e+00
2.823529411764706065e+00
3.743589743589743613e+00
3.523809523809523725e+00
2.936170212765957466e+00
3.534883720930232620e+00
3.642857142857142794e+00
3.642857142857142794e+00
4.131578947368421240e+00
3.302325581395348930e+00
3.130434782608695787e+00
2.775510204081632626e+00
2.823529411764706065e+00
3.756097560975609539e+00
2.899999999999999911e+00
3.642857142857142794e+00
3.756097560975609539e+00
3.750000000000000000e+00
3.111111111111111160e+00
3.875000000000000000e+00
3.625000000000000000e+00
3.634146341463414753e+00
3.534883720930232620e+00
2.627450980392156854e+00
3.875000000000000000e+00
3.148936170212766061e+00
2.977272727272727071e+00
3.756097560975609539e+00
3.756097560975609539e+00
3.875000000000000000e+00
2.936170212765957466e+00
3.090909090909090828e+00
3.625000000000000000e+00
4.270270270270270174e+00
3.239130434782608869e+00
3.523809523809523725e+00
3.534883720930232620e+00
3.534883720930232620e+00
3.642857142857142794e+00
3.756097560975609539e+00
3.756097560975609539e+00
3.534883720930232620e+00
2.854166666666666519e+00
3.431818181818181657e+00
3.512195121951219523e+00
3.418604651162790553e+00
3.625000000000000000e+00
2.854166666666666519e+00
3.302325581395348930e+00
3.111111111111111160e+00
3.756097560975609539e+00
3.871794871794871806e+00
3.431818181818181657e+00
3.642857142857142794e+00
3.404761904761904656e+00
2.958333333333333481e+00
3.069767441860465240e+00
3.148936170212766061e+00
3.875000000000000000e+00
3.431818181818181657e+00
3.523809523809523725e+00
4.270270270270270174e+00
3.534883720930232620e+00
4.270270270270270174e+00
3.166666666666666519e+00
3.487179487179487225e+00
3.302325581395348930e+00
3.756097560975609539e+00
3.431818181818181657e+00
3.431818181818181657e+00
2.500000000000000000e+00
3.431818181818181657e+00
3.268292682926829062e+00
4.000000000000000000e+00
4.000000000000000000e+00
3.634146341463414753e+00
3.875000000000000000e+00
2.936170212765957466e+00
4.000000000000000000e+00
2.431372549019607643e+00
2.673469387755102122e+00
2.877551020408163129e+00
3.756097560975609539e+00
3.333333333333333481e+00
3.642857142857142794e+00
3.431818181818181657e+00
3.534883720930232620e+00
3.642857142857142794e+00
2.653846153846153744e+00
2.979591836734694077e+00
3.222222222222222321e+00
3.130434782608695787e+00
4.270270270270270174e+00
2.888888888888888840e+00
3.875000000000000000e+00
3.871794871794871806e+00
3.062500000000000000e+00
3.756097560975609539e+00
4.000000000000000000e+00
3.871794871794871806e+00
3.204545454545454586e+00
3.431818181818181657e+00
2.673469387755102122e+00
2.775510204081632626e+00
3.634146341463414753e+00
3.642857142857142794e+00
4.000000000000000000e+00
2.899999999999999911e+00
3.756097560975609539e+00
2.936170212765957466e+00
3.534883720930232620e+00
3.204545454545454586e+00
3.333333333333333481e+00
3.642857142857142794e+00
4.000000000000000000e+00
3.875000000000000000e+00
4.000000000000000000e+00
3.534883720930232620e+00
3.333333333333333481e+00
3.418604651162790553e+00
3.871794871794871806e+00
3.868421052631578760e+00
4.000000000000000000e+00
2.977272727272727071e+00
3.318181818181818343e+00
3.756097560975609539e+00
3.062500000000000000e+00
2.977272727272727071e+00
3.333333333333333481e+00
3.204545454545454586e+00
3.512195121951219523e+00
3.111111111111111160e+00
3.318181818181818343e+00
3.239130434782608869e+00
3.069767441860465240e+00
3.431818181818181657e+00
3.871794871794871806e+00
3.875000000000000000e+00
3.148936170212766061e+00
2.936170212765957466e+00
2.600000000000000089e+00
3.285714285714285587e+00
3.239130434782608869e+00
3.615384615384615419e+00
3.534883720930232620e+00
3.625000000000000000e+00
3.756097560975609539e+00
2.425925925925926041e+00
3.534883720930232620e+00
3.069767441860465240e+00
3.743589743589743613e+00
3.487179487179487225e+00
2.936170212765957466e+00
3.069767441860465240e+00
3.756097560975609539e+00
4.000000000000000000e+00
1.711864406779661119e+00
2.854166666666666519e+00
3.500000000000000000e+00
2.645833333333333481e+00
3.302325581395348930e+00
3.062500000000000000e+00
3.431818181818181657e+00
3.534883720930232620e+00
3.634146341463414753e+00
3.750000000000000000e+00
2.557692307692307487e+00
2.799999999999999822e+00
3.750000000000000000e+00
3.111111111111111160e+00
3.534883720930232620e+00
3.756097560975609539e+00
3.756097560975609539e+00
3.333333333333333481e+00
3.512195121951219523e+00
3.634146341463414753e+00
3.871794871794871806e+00
3.375000000000000000e+00
3.875000000000000000e+00
3.130434782608695787e+00
3.534883720930232620e+00
3.642857142857142794e+00
4.131578947368421240e+00
4.000000000000000000e+00
3.756097560975609539e+00
2.775510204081632626e+00
3.756097560975609539e+00
3.512195121951219523e+00
3.523809523809523725e+00
3.431818181818181657e+00
4.131578947368421240e+00
3.390243902439024293e+00
3.333333333333333481e+00
3.148936170212766061e+00
3.875000000000000000e+00
2.490566037735848948e+00
2.979591836734694077e+00
4.000000000000000000e+00
4.270270270270270174e+00
3.875000000000000000e+00
3.512195121951219523e+00
2.303571428571428381e+00
3.743589743589743613e+00
2.522727272727272929e+00
3.268292682926829062e+00
3.868421052631578760e+00
4.285714285714285587e+00
3.625000000000000000e+00
3.625000000000000000e+00
4.000000000000000000e+00
3.868421052631578760e+00
3.625000000000000000e+00
3.512195121951219523e+00
2.804347826086956541e+00
3.239130434782608869e+00
3.285714285714285587e+00
4.138888888888889284e+00
2.829787234042553390e+00
3.487179487179487225e+00
3.204545454545454586e+00
2.804347826086956541e+00
3.302325581395348930e+00
2.888888888888888840e+00
3.333333333333333481e+00
3.239130434782608869e+00
4.131578947368421240e+00
2.679245283018867774e+00
3.642857142857142794e+00
4.000000000000000000e+00
3.069767441860465240e+00
4.000000000000000000e+00
3.069767441860465240e+00
3.404761904761904656e+00
3.642857142857142794e+00
2.611111111111111160e+00
3.222222222222222321e+00
2.695652173913043459e+00
4.000000000000000000e+00
2.723404255319148870e+00
3.333333333333333481e+00
3.431818181818181657e+00
3.318181818181818343e+00
3.302325581395348930e+00
2.148148148148148362e+00
3.534883720930232620e+00
3.523809523809523725e+00
3.756097560975609539e+00
3.404761904761904656e+00
3.534883720930232620e+00
3.431818181818181657e+00
3.743589743589743613e+00
3.042553191489361541e+00
4.000000000000000000e+00
4.000000000000000000e+00
2.600000000000000089e+00
3.756097560975609539e+00
4.131578947368421240e+00
3.130434782608695787e+00
3.875000000000000000e+00
3.523809523809523725e+00
3.756097560975609539e+00
3.148936170212766061e+00
3.743589743589743613e+00
3.534883720930232620e+00
4.000000000000000000e+00
2.823529411764706065e+00
3.302325581395348930e+00
4.000000000000000000e+00
2.627450980392156854e+00
3.756097560975609539e+00
3.431818181818181657e+00
3.523809523809523725e+00
3.875000000000000000e+00
3.111111111111111160e+00
4.270270270270270174e+00
4.270270270270270174e+00
2.571428571428571619e+00
3.534883720930232620e+00
3.756097560975609539e+00
3.333333333333333481e+00
2.899999999999999911e+00
3.875000000000000000e+00
3.404761904761904656e+00
4.270270270270270174e+00
2.775510204081632626e+00
4.270270270270270174e+00
2.750000000000000000e+00
3.418604651162790553e+00
3.302325581395348930e+00
3.756097560975609539e+00
3.634146341463414753e+00
3.404761904761904656e+00
3.534883720930232620e+00
3.302325581395348930e+00
4.000000000000000000e+00
4.000000000000000000e+00
3.512195121951219523e+00
2.799999999999999822e+00
3.204545454545454586e+00
4.131578947368421240e+00
3.021739130434782705e+00
3.756097560975609539e+00
4.131578947368421240e+00
3.534883720930232620e+00
2.979591836734694077e+00
3.642857142857142794e+00
3.634146341463414753e+00
3.642857142857142794e+00
4.270270270270270174e+00
3.333333333333333481e+00
4.000000000000000000e+00
3.756097560975609539e+00
2.863636363636363757e+00
3.130434782608695787e+00
3.743589743589743613e+00
3.875000000000000000e+00
3.534883720930232620e+00
4.270270270270270174e+00
3.333333333333333481e+00
3.431818181818181657e+00
3.875000000000000000e+00
3.756097560975609539e+00
3.534883720930232620e+00
3.512195121951219523e+00
3.418604651162790553e+00
3.642857142857142794e+00
2.936170212765957466e+00
4.000000000000000000e+00
3.615384615384615419e+00
3.523809523809523725e+00
3.875000000000000000e+00
2.035714285714285587e+00
3.534883720930232620e+00
4.000000000000000000e+00
3.431818181818181657e+00
3.756097560975609539e+00
4.270270270270270174e+00
4.285714285714285587e+00
2.936170212765957466e+00
3.756097560975609539e+00
3.634146341463414753e+00
3.875000000000000000e+00
3.021739130434782705e+00
4.131578947368421240e+00
3.642857142857142794e+00
3.431818181818181657e+00
4.000000000000000000e+00
3.634146341463414753e+00
2.490566037735848948e+00
4.000000000000000000e+00
4.270270270270270174e+00
3.875000000000000000e+00
4.000000000000000000e+00
3.534883720930232620e+00
4.270270270270270174e+00
3.871794871794871806e+00
3.875000000000000000e+00
3.534883720930232620e+00
3.642857142857142794e+00
3.756097560975609539e+00
2.437500000000000000e+00
3.418604651162790553e+00
3.743589743589743613e+00
3.523809523809523725e+00
4.000000000000000000e+00
4.000000000000000000e+00
3.534883720930232620e+00
3.302325581395348930e+00
3.186046511627906863e+00
3.534883720930232620e+00
3.625000000000000000e+00
3.756097560975609539e+00
3.186046511627906863e+00
3.756097560975609539e+00
3.642857142857142794e+00
3.431818181818181657e+00
3.750000000000000000e+00
3.534883720930232620e+00
3.756097560975609539e+00
3.512195121951219523e+00
2.775510204081632626e+00
2.425925925925926041e+00
3.333333333333333481e+00
3.418604651162790553e+00
3.431818181818181657e+00
4.270270270270270174e+00
3.875000000000000000e+00
3.875000000000000000e+00
3.634146341463414753e+00
4.270270270270270174e+00
3.239130434782608869e+00
3.756097560975609539e+00
3.642857142857142794e+00
2.673469387755102122e+00
2.392857142857142794e+00
3.756097560975609539e+00
3.642857142857142794e+00
3.431818181818181657e+00
3.333333333333333481e+00
3.186046511627906863e+00
4.000000000000000000e+00
3.634146341463414753e+00
4.000000000000000000e+00
4.000000000000000000e+00
3.756097560975609539e+00
3.204545454545454586e+00
3.111111111111111160e+00
3.431818181818181657e+00
3.375000000000000000e+00
2.804347826086956541e+00
3.204545454545454586e+00
3.239130434782608869e+00
4.000000000000000000e+00
3.868421052631578760e+00
2.645833333333333481e+00
3.204545454545454586e+00
3.642857142857142794e+00
3.431818181818181657e+00
3.642857142857142794e+00
3.062500000000000000e+00
4.000000000000000000e+00
3.534883720930232620e+00
2.775510204081632626e+00
3.418604651162790553e+00
3.204545454545454586e+00
2.673469387755102122e+00
2.750000000000000000e+00
3.756097560975609539e+00
3.642857142857142794e+00
4.000000000000000000e+00
4.000000000000000000e+00
4.131578947368421240e+00
3.534883720930232620e+00
3.431818181818181657e+00
3.875000000000000000e+00
3.875000000000000000e+00
2.913043478260869623e+00
4.000000000000000000e+00
3.642857142857142794e+00
3.875000000000000000e+00
3.333333333333333481e+00
3.743589743589743613e+00
3.534883720930232620e+00
2.979591836734694077e+00
3.333333333333333481e+00
3.204545454545454586e+00
3.512195121951219523e+00
2.461538461538461675e+00
3.868421052631578760e+00
3.642857142857142794e+00
2.557692307692307487e+00
3.634146341463414753e+00
3.634146341463414753e+00
3.021739130434782705e+00
4.270270270270270174e+00
2.750000000000000000e+00
3.390243902439024293e+00
3.204545454545454586e+00
2.977272727272727071e+00
3.111111111111111160e+00
3.302325581395348930e+00
3.875000000000000000e+00
3.512195121951219523e+00
2.829787234042553390e+00
3.534883720930232620e+00
3.534883720930232620e+00
3.204545454545454586e+00
3.431818181818181657e+00
3.318181818181818343e+00
3.642857142857142794e+00
2.723404255319148870e+00
4.000000000000000000e+00
4.000000000000000000e+00
3.756097560975609539e+00
3.302325581395348930e+00
