-1.445000000000000062e+00
-1.379999999999999893e+00
-1.074999999999999956e+00
-1.155000000000000027e+00
-1.090000000000000080e+00
-1.040000000000000036e+00
-1.125000000000000000e+00
-8.049645390070921946e-01
-1.074999999999999956e+00
-7.659574468085106336e-01
-8.252688172043011194e-01
-8.448905109489051046e-01
-1.270000000000000018e+00
-1.135000000000000009e+00
-7.200772200772200815e-01
-8.717948717948718063e-01
-8.278335724533716355e-01
-7.574626865671642006e-01
-1.155000000000000027e+00
-8.183041722745625357e-01
-1.044999999999999929e+00
-1.084999999999999964e+00
-9.202127659574468321e-01
-7.197309417040358426e-01
-1.074999999999999956e+00
-5.415472779369627787e-01
-7.064393939393939226e-01
-8.522550544323483912e-01
-8.096885813148788635e-01
-8.400556328233658165e-01
-9.109014675052410359e-01
-8.736842105263158409e-01
-7.269303201506591705e-01
-3.478260869565217295e-01
-8.250460405156537780e-01
-1.280000000000000027e+00
-1.034999999999999920e+00
-8.499399759903961682e-01
-6.275071633237822022e-01
-9.136939010356731616e-01
-6.520618556701031077e-01
-6.808510638297872175e-01
-1.120000000000000107e+00
-1.179999999999999938e+00
-1.125000000000000000e+00
-5.528455284552845628e-01
-5.683453237410072134e-01
-6.347031963470319837e-01
-6.636363636363636909e-01
-1.054999999999999938e+00
-1.080000000000000071e+00
-1.094999999999999973e+00
-1.155000000000000027e+00
-1.020000000000000018e+00
-1.064999999999999947e+00
-1.090000000000000080e+00
-1.030000000000000027e+00
-8.492462311557789079e-01
-7.337770382695507632e-01
-1.100000000000000089e+00
-1.030000000000000027e+00
-1.084999999999999964e+00
-8.109517601043024770e-01
-7.640117994100295018e-01
-6.393762183235867091e-01
-4.364161849710982422e-01
-8.395721925133690089e-01
-8.775292864749734134e-01
-3.793103448275861878e-01
-8.703170028818443260e-01
-1.050000000000000044e+00
-1.000000000000000056e-01
-6.328293736501079403e-01
-7.261484098939929854e-01
5.405405405405405705e-02
9.587628865979381798e-01
7.142857142857143016e-01
-1.090000000000000080e+00
5.983606557377049162e-01
5.573770491803278215e-01
-7.960199004975124226e-02
-4.907975460122699501e-02
-7.262773722627736683e-01
5.000000000000000000e-01
2.777777777777777624e-02
8.187134502923976154e-02
1.349397590361445687e+00
7.410714285714286031e-01
-6.823770491803278215e-01
-1.293532338308457652e-01
1.470588235294117696e-01
-4.923076923076923350e-01
-1.090000000000000080e+00
7.619047619047618625e-01
7.567567567567567988e-01
1.341772151898734222e+00
9.565217391304348116e-01
2.083333333333333481e+00
-1.084999999999999964e+00
2.363636363636363757e+00
-3.412162162162162282e-01
1.720588235294117752e+00
2.145161290322580516e+00
1.266666666666666607e+00
1.309523809523809590e-01
1.500000000000000000e+00
-1.479820627802690691e-01
3.333333333333333481e+00
2.545454545454545414e+00
-1.074999999999999956e+00
6.666666666666666297e-01
2.333333333333333481e+00
2.095238095238095344e+00
2.500000000000000000e-01
-5.102040816326530205e-03
3.204545454545454586e+00
1.403508771929824483e-01
1.134831460674157411e+00
1.430555555555555580e+00
2.750000000000000000e+00
3.756097560975609539e+00
-1.070000000000000062e+00
3.534883720930232620e+00
3.431818181818181657e+00
1.769230769230769162e+00
3.634146341463414753e+00
1.108433734939759052e+00
3.756097560975609539e+00
2.611111111111111160e+00
3.404761904761904656e+00
9.696969696969697239e-01
4.270270270270270174e+00
1.032967032967033072e+00
3.186046511627906863e+00
3.534883720930232620e+00
3.634146341463414753e+00
2.775510204081632626e+00
2.888888888888888840e+00
3.431818181818181657e+00
3.756097560975609539e+00
2.611111111111111160e+00
3.642857142857142794e+00
2.775510204081632626e+00
1.500000000000000000e+00
3.625000000000000000e+00
3.625000000000000000e+00
3.302325581395348930e+00
3.333333333333333481e+00
3.523809523809523725e+00
3.534883720930232620e+00
3.642857142857142794e+00
3.021739130434782705e+00
1.910447761194029814e+00
3.756097560975609539e+00
3.642857142857142794e+00
3.534883720930232620e+00
3.318181818181818343e+00
3.431818181818181657e+00
2.823529411764706065e+00
3.431818181818181657e+00
2.600000000000000089e+00
2.673469387755102122e+00
3.069767441860465240e+00
3.431818181818181657e+00
4.270270270270270174e+00
2.673469387755102122e+00
3.333333333333333481e+00
4.000000000000000000e+00
2.888888888888888840e+00
4.131578947368421240e+00
3.431818181818181657e+00
3.512195121951219523e+00
3.204545454545454586e+00
3.756097560975609539e+00
3.642857142857142794e+00
3.534883720930232620e+00
3.534883720930232620e+00
3.431818181818181657e+00
3.625000000000000000e+00
3.756097560975609539e+00
2.557692307692307487e+00
2.823529411764706065e+00
3.512195121951219523e+00
3.062500000000000000e+00
3.875000000000000000e+00
1.812500000000000000e+00
3.868421052631578760e+00
3.431818181818181657e+00
3.487179487179487225e+00
3.148936170212766061e+00
3.239130434782608869e+00
3.111111111111111160e+00
3.642857142857142794e+00
3.642857142857142794e+00
2.936170212765957466e+00
3.875000000000000000e+00
3.875000000000000000e+00
3.871794871794871806e+00
3.431818181818181657e+00
3.239130434782608869e+00
3.431818181818181657e+00
3.404761904761904656e+00
3.875000000000000000e+00
3.000000000000000000e+00
4.131578947368421240e+00
3.512195121951219523e+00
3.431818181818181657e+00
3.111111111111111160e+00
3.756097560975609539e+00
2.953488372093023173e+00
3.642857142857142794e+00
4.131578947368421240e+00
3.268292682926829062e+00
3.534883720930232620e+00
3.148936170212766061e+00
3.431818181818181657e+00
3.642857142857142794e+00
3.111111111111111160e+00
3.487179487179487225e+00
3.523809523809523725e+00
3.333333333333333481e+00
2.679245283018867774e+00
4.000000000000000000e+00
3.333333333333333481e+00
3.404761904761904656e+00
4.000000000000000000e+00
3.042553191489361541e+00
4.000000000000000000e+00
4.131578947368421240e+00
4.131578947368421240e+00
3.404761904761904656e+00
3.204545454545454586e+00
3.285714285714285587e+00
3.418604651162790553e+00
3.534883720930232620e+00
4.131578947368421240e+00
3.333333333333333481e+00
3.634146341463414753e+00
3.642857142857142794e+00
3.756097560975609539e+00
4.131578947368421240e+00
3.875000000000000000e+00
3.111111111111111160e+00
3.756097560975609539e+00
3.756097560975609539e+00
3.750000000000000000e+00
2.913043478260869623e+00
3.512195121951219523e+00
3.756097560975609539e+00
3.021739130434782705e+00
2.723404255319148870e+00
3.756097560975609539e+00
3.756097560975609539e+00
3.148936170212766061e+00
2.545454545454545414e+00
4.000000000000000000e+00
3.239130434782608869e+00
3.431818181818181657e+00
3.642857142857142794e+00
3.418604651162790553e+00
3.642857142857142794e+00
2.265306122448979664e+00
3.634146341463414753e+00
3.534883720930232620e+00
3.756097560975609539e+00
3.534883720930232620e+00
2.529411764705882248e+00
3.302325581395348930e+00
3.302325581395348930e+00
4.000000000000000000e+00
3.875000000000000000e+00
2.545454545454545414e+00
3.111111111111111160e+00
4.270270270270270174e+00
3.756097560975609539e+00
3.642857142857142794e+00
3.431818181818181657e+00
3.875000000000000000e+00
3.756097560975609539e+00
4.270270270270270174e+00
2.557692307692307487e+00
3.318181818181818343e+00
3.875000000000000000e+00
3.642857142857142794e+00
2.823529411764706065e+00
3.404761904761904656e+00
3.875000000000000000e+00
3.756097560975609539e+00
3.239130434782608869e+00
3.404761904761904656e+00
3.021739130434782705e+00
3.756097560975609539e+00
2.750000000000000000e+00
3.756097560975609539e+00
3.333333333333333481e+00
3.756097560975609539e+00
2.888888888888888840e+00
2.723404255319148870e+00
4.000000000000000000e+00
3.756097560975609539e+00
3.333333333333333481e+00
2.854166666666666519e+00
3.634146341463414753e+00
2.679245283018867774e+00
3.642857142857142794e+00
3.756097560975609539e+00
3.523809523809523725e+00
3.756097560975609539e+00
2.750000000000000000e+00
4.131578947368421240e+00
3.062500000000000000e+00
2.399999999999999911e+00
3.756097560975609539e+00
3.605263157894736725e+00
2.854166666666666519e+00
2.936170212765957466e+00
3.418604651162790553e+00
3.875000000000000000e+00
2.750000000000000000e+00
3.534883720930232620e+00
2.936170212765957466e+00
3.534883720930232620e+00
3.642857142857142794e+00
3.431818181818181657e+00
3.239130434782608869e+00
3.875000000000000000e+00
2.899999999999999911e+00
3.111111111111111160e+00
3.625000000000000000e+00
3.642857142857142794e+00
3.431818181818181657e+00
3.756097560975609539e+00
4.000000000000000000e+00
3.431818181818181657e+00
3.642857142857142794e+00
3.333333333333333481e+00
3.148936170212766061e+00
3.875000000000000000e+00
3.512195121951219523e+00
2.804347826086956541e+00
3.534883720930232620e+00
3.418604651162790553e+00
3.042553191489361541e+00
3.756097560975609539e+00
3.431818181818181657e+00
2.775510204081632626e+00
4.000000000000000000e+00
3.875000000000000000e+00
3.431818181818181657e+00
3.625000000000000000e+00
3.642857142857142794e+00
3.239130434782608869e+00
3.634146341463414753e+00
3.642857142857142794e+00
3.523809523809523725e+00
2.725490196078431460e+00
3.534883720930232620e+00
3.756097560975609539e+00
4.270270270270270174e+00
3.756097560975609539e+00
3.642857142857142794e+00
4.270270270270270174e+00
3.756097560975609539e+00
3.148936170212766061e+00
3.756097560975609539e+00
3.062500000000000000e+00
3.239130434782608869e+00
3.333333333333333481e+00
3.512195121951219523e+00
2.269230769230769162e+00
3.615384615384615419e+00
3.431818181818181657e+00
3.875000000000000000e+00
2.958333333333333481e+00
4.000000000000000000e+00
3.333333333333333481e+00
3.642857142857142794e+00
2.645833333333333481e+00
4.000000000000000000e+00
3.111111111111111160e+00
3.534883720930232620e+00
3.239130434782608869e+00
2.500000000000000000e+00
2.695652173913043459e+00
3.534883720930232620e+00
4.131578947368421240e+00
4.000000000000000000e+00
3.239130434782608869e+00
3.875000000000000000e+00
2.673469387755102122e+00
3.021739130434782705e+00
4.131578947368421240e+00
4.270270270270270174e+00
2.804347826086956541e+00
2.936170212765957466e+00
2.600000000000000089e+00
4.000000000000000000e+00
3.512195121951219523e+00
3.239130434782608869e+00
3.756097560975609539e+00
3.534883720930232620e+00
3.642857142857142794e+00
3.625000000000000000e+00
4.000000000000000000e+00
3.222222222222222321e+00
2.977272727272727071e+00
2.936170212765957466e+00
3.743589743589743613e+00
3.534883720930232620e+00
2.611111111111111160e+00
4.270270270270270174e+00
3.875000000000000000e+00
3.534883720930232620e+00
3.021739130434782705e+00
3.756097560975609539e+00
3.111111111111111160e+00
3.534883720930232620e+00
3.534883720930232620e+00
3.756097560975609539e+00
3.111111111111111160e+00
3.333333333333333481e+00
3.302325581395348930e+00
3.431818181818181657e+00
3.534883720930232620e+00
3.743589743589743613e+00
3.756097560975609539e+00
4.000000000000000000e+00
3.512195121951219523e+00
3.868421052631578760e+00
3.512195121951219523e+00
3.204545454545454586e+00
3.756097560975609539e+00
4.270270270270270174e+00
3.756097560975609539e+00
4.000000000000000000e+00
3.634146341463414753e+00
3.756097560975609539e+00
3.634146341463414753e+00
3.302325581395348930e+00
3.634146341463414753e+00
3.534883720930232620e+00
3.512195121951219523e+00
2.750000000000000000e+00
3.239130434782608869e+00
3.756097560975609539e+00
4.000000000000000000e+00
3.390243902439024293e+00
3.875000000000000000e+00
3.642857142857142794e+00
3.534883720930232620e+00
2.877551020408163129e+00
3.148936170212766061e+00
2.829787234042553390e+00
3.756097560975609539e+00
2.958333333333333481e+00
4.270270270270270174e+00
2.775510204081632626e+00
3.204545454545454586e+00
2.899999999999999911e+00
3.534883720930232620e+00
3.523809523809523725e+00
3.512195121951219523e+00
3.222222222222222321e+00
3.642857142857142794e+00
2.600000000000000089e+00
3.875000000000000000e+00
3.875000000000000000e+00
3.431818181818181657e+00
3.756097560975609539e+00
3.534883720930232620e+00
3.148936170212766061e+00
3.431818181818181657e+00
4.270270270270270174e+00
3.333333333333333481e+00
3.534883720930232620e+00
4.000000000000000000e+00
4.000000000000000000e+00
3.111111111111111160e+00
2.958333333333333481e+00
2.936170212765957466e+00
3.333333333333333481e+00
3.333333333333333481e+00
3.750000000000000000e+00
4.000000000000000000e+00
3.431818181818181657e+00
4.131578947368421240e+00
3.130434782608695787e+00
3.111111111111111160e+00
4.131578947368421240e+00
2.888888888888888840e+00
3.534883720930232620e+00
4.000000000000000000e+00
3.148936170212766061e+00
3.069767441860465240e+00
3.021739130434782705e+00
4.000000000000000000e+00
3.148936170212766061e+00
2.645833333333333481e+00
3.239130434782608869e+00
3.534883720930232620e+00
3.375000000000000000e+00
2.888888888888888840e+00
3.534883720930232620e+00
4.131578947368421240e+00
3.500000000000000000e+00
3.042553191489361541e+00
4.131578947368421240e+00
2.365384615384615419e+00
4.131578947368421240e+00
3.431818181818181657e+00
3.750000000000000000e+00
2.823529411764706065e+00
3.512195121951219523e+00
3.534883720930232620e+00
2.899999999999999911e+00
6.972477064220183873e-01
4.131578947368421240e+00
4.000000000000000000e+00
2.899999999999999911e+00
3.512195121951219523e+00
2.775510204081632626e+00
4.000000000000000000e+00
3.871794871794871806e+00
2.936170212765957466e+00
3.756097560975609539e+00
4.000000000000000000e+00
3.534883720930232620e+00
3.239130434782608869e+00
3.871794871794871806e+00
2.050847457627118509e+00
3.642857142857142794e+00
2.700000000000000178e+00
3.000000000000000000e+00
3.204545454545454586e+00
3.750000000000000000e+00
3.642857142857142794e+00
3.756097560975609539e+00
3.302325581395348930e+00
3.473684210526315930e+00
3.523809523809523725e+00
3.750000000000000000e+00
3.111111111111111160e+00
4.131578947368421240e+00
3.756097560975609539e+00
3.512195121951219523e+00
2.979591836734694077e+00
3.875000000000000000e+00
4.000000000000000000e+00
3.634146341463414753e+00
4.131578947368421240e+00
3.431818181818181657e+00
3.431818181818181657e+00
4.131578947368421240e+00
2.700000000000000178e+00
4.000000000000000000e+00
3.318181818181818343e+00
4.000000000000000000e+00
2.627450980392156854e+00
3.642857142857142794e+00
2.958333333333333481e+00
3.534883720930232620e+00
3.204545454545454586e+00
3.239130434782608869e+00
2.823529411764706065e+00
3.534883720930232620e+00
3.021739130434782705e+00
3.090909090909090828e+00
3.333333333333333481e+00
3.534883720930232620e+00
2.829787234042553390e+00
3.534883720930232620e+00
2.723404255319148870e+00
3.512195121951219523e+00
4.270270270270270174e+00
3.239130434782608869e+00
2.700000000000000178e+00
3.404761904761904656e+00
3.756097560975609539e+00
3.111111111111111160e+00
3.111111111111111160e+00
3.756097560975609539e+00
3.042553191489361541e+00
3.333333333333333481e+00
3.512195121951219523e+00
3.130434782608695787e+00
4.131578947368421240e+00
3.756097560975609539e+00
4.000000000000000000e+00
4.270270270270270174e+00
3.418604651162790553e+00
3.642857142857142794e+00
2.936170212765957466e+00
4.000000000000000000e+00
3.111111111111111160e+00
3.534883720930232620e+00
3.534883720930232620e+00
3.431818181818181657e+00
3.204545454545454586e+00
4.000000000000000000e+00
3.756097560975609539e+00
3.222222222222222321e+00
3.875000000000000000e+00
2.979591836734694077e+00
3.625000000000000000e+00
2.600000000000000089e+00
3.534883720930232620e+00
3.431818181818181657e+00
2.750000000000000000e+00
3.333333333333333481e+00
3.333333333333333481e+00
3.871794871794871806e+00
3.625000000000000000e+00
3.333333333333333481e+00
4.000000000000000000e+00
3.431818181818181657e+00
2.936170212765957466e+00
3.222222222222222321e+00
3.634146341463414753e+00
3.634146341463414753e+00
3.390243902439024293e+00
3.736842105263157965e+00
4.000000000000000000e+00
3.431818181818181657e+00
3.000000000000000000e+00
2.877551020408163129e+00
3.523809523809523725e+00
4.270270270270270174e+00
3.333333333333333481e+00
3.534883720930232620e+00
3.534883720930232620e+00
3.204545454545454586e+00
4.270270270270270174e+00
2.854166666666666519e+00
3.148936170212766061e+00
4.000000000000000000e+00
2.363636363636363757e+00
3.404761904761904656e+00
3.642857142857142794e+00
3.431818181818181657e+00
3.750000000000000000e+00
4.270270270270270174e+00
3.534883720930232620e+00
3.042553191489361541e+00
3.743589743589743613e+00
3.239130434782608869e+00
2.571428571428571619e+00
3.642857142857142794e+00
2.700000000000000178e+00
2.557692307692307487e+00
4.000000000000000000e+00
3.418604651162790553e+00
3.512195121951219523e+00
2.148148148148148362e+00
3.302325581395348930e+00
4.270270270270270174e+00
3.302325581395348930e+00
3.642857142857142794e+00
3.130434782608695787e+00
3.642857142857142794e+00
3.534883720930232620e+00
3.431818181818181657e+00
3.404761904761904656e+00
3.642857142857142794e+00
4.000000000000000000e+00
3.431818181818181657e+00
3.642857142857142794e+00
4.000000000000000000e+00
3.418604651162790553e+00
3.333333333333333481e+00
3.750000000000000000e+00
3.756097560975609539e+00
4.000000000000000000e+00
2.979591836734694077e+00
2.977272727272727071e+00
2.823529411764706065e+00
3.333333333333333481e+00
3.333333333333333481e+00
2.979591836734694077e+00
3.756097560975609539e+00
2.700000000000000178e+00
2.823529411764706065e+00
4.270270270270270174e+00
3.875000000000000000e+00
4.270270270270270174e+00
3.875000000000000000e+00
3.239130434782608869e+00
4.000000000000000000e+00
3.239130434782608869e+00
3.431818181818181657e+00
3.642857142857142794e+00
4.270270270270270174e+00
3.868421052631578760e+00
3.534883720930232620e+00
3.021739130434782705e+00
4.131578947368421240e+00
3.534883720930232620e+00
3.021739130434782705e+00
3.021739130434782705e+00
2.829787234042553390e+00
3.534883720930232620e+00
4.000000000000000000e+00
3.875000000000000000e+00
3.069767441860465240e+00
2.899999999999999911e+00
3.204545454545454586e+00
2.135593220338983134e+00
3.743589743589743613e+00
3.534883720930232620e+00
3.756097560975609539e+00
2.829787234042553390e+00
2.627450980392156854e+00
2.979591836734694077e+00
2.725490196078431460e+00
2.627450980392156854e+00
3.431818181818181657e+00
3.431818181818181657e+00
3.875000000000000000e+00
4.131578947368421240e+00
2.958333333333333481e+00
3.523809523809523725e+00
2.804347826086956541e+00
3.642857142857142794e+00
3.743589743589743613e+00
3.615384615384615419e+00
2.529411764705882248e+00
3.431818181818181657e+00
2.557692307692307487e+00
3.418604651162790553e+00
2.936170212765957466e+00
4.000000000000000000e+00
4.000000000000000000e+00
3.875000000000000000e+00
3.062500000000000000e+00
3.069767441860465240e+00
4.000000000000000000e+00
2.958333333333333481e+00
3.756097560975609539e+00
3.523809523809523725e+00
3.534883720930232620e+00
3.625000000000000000e+00
4.270270270270270174e+00
3.148936170212766061e+00
3.875000000000000000e+00
3.302325581395348930e+00
3.130434782608695787e+00
3.642857142857142794e+00
3.418604651162790553e+00
3.642857142857142794e+00
2.804347826086956541e+00
3.642857142857142794e+00
4.131578947368421240e+00
2.977272727272727071e+00
4.000000000000000000e+00
3.302325581395348930e+00
3.090909090909090828e+00
3.875000000000000000e+00
3.523809523809523725e+00
2.979591836734694077e+00
3.148936170212766061e+00
3.534883720930232620e+00
3.204545454545454586e+00
3.756097560975609539e+00
3.642857142857142794e+00
3.239130434782608869e+00
3.333333333333333481e+00
3.090909090909090828e+00
3.268292682926829062e+00
3.431818181818181657e+00
3.625000000000000000e+00
3.642857142857142794e+00
3.111111111111111160e+00
3.222222222222222321e+00
2.936170212765957466e+00
2.725490196078431460e+00
3.333333333333333481e+00
3.534883720930232620e+00
4.000000000000000000e+00
3.069767441860465240e+00
2.196721311475410054e+00
3.285714285714285587e+00
3.642857142857142794e+00
2.899999999999999911e+00
3.404761904761904656e+00
3.375000000000000000e+00
3.534883720930232620e+00
2.055555555555555358e+00
3.875000000000000000e+00
3.534883720930232620e+00
3.062500000000000000e+00
2.584905660377358583e+00
4.131578947368421240e+00
4.131578947368421240e+00
2.899999999999999911e+00
2.979591836734694077e+00
3.302325581395348930e+00
3.431818181818181657e+00
3.756097560975609539e+00
3.302325581395348930e+00
3.534883720930232620e+00
2.571428571428571619e+00
4.131578947368421240e+00
3.642857142857142794e+00
3.534883720930232620e+00
3.148936170212766061e+00
3.148936170212766061e+00
4.131578947368421240e+00
3.390243902439024293e+00
3.302325581395348930e+00
3.534883720930232620e+00
3.204545454545454586e+00
3.750000000000000000e+00
3.431818181818181657e+00
4.000000000000000000e+00
3.148936170212766061e+00
2.899999999999999911e+00
4.000000000000000000e+00
3.875000000000000000e+00
3.756097560975609539e+00
3.875000000000000000e+00
2.775510204081632626e+00
3.756097560975609539e+00
3.625000000000000000e+00
2.557692307692307487e+00
2.899999999999999911e+00
1.719298245614035103e+00
3.534883720930232620e+00
3.756097560975609539e+00
2.775510204081632626e+00
2.679245283018867774e+00
3.021739130434782705e+00
3.000000000000000000e+00
4.000000000000000000e+00
2.854166666666666519e+00
3.148936170212766061e+00
3.750000000000000000e+00
3.130434782608695787e+00
2.518518518518518601e+00
4.000000000000000000e+00
3.512195121951219523e+00
3.743589743589743613e+00
3.333333333333333481e+00
3.130434782608695787e+00
3.875000000000000000e+00
3.042553191489361541e+00
2.913043478260869623e+00
3.750000000000000000e+00
3.431818181818181657e+00
3.871794871794871806e+00
2.679245283018867774e+00
3.625000000000000000e+00
3.642857142857142794e+00
4.270270270270270174e+00
3.375000000000000000e+00
3.534883720930232620e+00
3.239130434782608869e+00
3.534883720930232620e+00
3.418604651162790553e+00
4.131578947368421240e+00
3.333333333333333481e+00
3.302325581395348930e+00
3.431818181818181657e+00
3.642857142857142794e+00
3.431818181818181657e+00
3.756097560975609539e+00
3.404761904761904656e+00
2.936170212765957466e+00
3.130434782608695787e+00
3.000000000000000000e+00
3.042553191489361541e+00
3.642857142857142794e+00
3.642857142857142794e+00
3.512195121951219523e+00
3.111111111111111160e+00
3.431818181818181657e+00
3.875000000000000000e+00
3.302325581395348930e+00
4.000000000000000000e+00
3.756097560975609539e+00
3.021739130434782705e+00
3.302325581395348930e+00
3.750000000000000000e+00
3.062500000000000000e+00
2.979591836734694077e+00
3.431818181818181657e+00
3.871794871794871806e+00
4.270270270270270174e+00
3.148936170212766061e+00
3.318181818181818343e+00
3.333333333333333481e+00
4.131578947368421240e+00
3.148936170212766061e+00
3.302325581395348930e+00
4.000000000000000000e+00
3.743589743589743613e+00
3.756097560975609539e+00
3.404761904761904656e+00
3.868421052631578760e+00
3.204545454545454586e+00
3.431818181818181657e+00
3.111111111111111160e+00
4.131578947368421240e+00
4.000000000000000000e+00
3.523809523809523725e+00
2.877551020408163129e+00
3.523809523809523725e+00
3.756097560975609539e+00
2.750000000000000000e+00
3.642857142857142794e+00
3.302325581395348930e+00
3.418604651162790553e+00
3.512195121951219523e+00
3.166666666666666519e+00
3.523809523809523725e+00
2.899999999999999911e+00
3.534883720930232620e+00
3.333333333333333481e+00
3.431818181818181657e+00
3.756097560975609539e+00
3.204545454545454586e+00
3.431818181818181657e+00
1.983870967741935498e+00
3.642857142857142794e+00
4.131578947368421240e+00
3.756097560975609539e+00
3.333333333333333481e+00
3.868421052631578760e+00
3.431818181818181657e+00
4.000000000000000000e+00
2.557692307692307487e+00
3.756097560975609539e+00
3.239130434782608869e+00
3.512195121951219523e+00
3.756097560975609539e+00
3.404761904761904656e+00
3.042553191489361541e+00
3.534883720930232620e+00
3.523809523809523725e+00
3.642857142857142794e+00
3.642857142857142794e+00
3.404761904761904656e+00
3.756097560975609539e+00
4.000000000000000000e+00
3.239130434782608869e+00
2.936170212765957466e+00
2.977272727272727071e+00
3.642857142857142794e+00
3.634146341463414753e+00
3.333333333333333481e+00
4.270270270270270174e+00
3.534883720930232620e+00
3.756097560975609539e+00
2.899999999999999911e+00
3.729729729729729826e+00
3.431818181818181657e+00
3.534883720930232620e+00
3.302325581395348930e+00
3.642857142857142794e+00
3.333333333333333481e+00
3.333333333333333481e+00
4.000000000000000000e+00
3.431818181818181657e+00
3.318181818181818343e+00
3.642857142857142794e+00
3.756097560975609539e+00
3.130434782608695787e+00
3.148936170212766061e+00
2.829787234042553390e+00
3.111111111111111160e+00
3.021739130434782705e+00
3.318181818181818343e+00
3.625000000000000000e+00
2.899999999999999911e+00
2.700000000000000178e+00
3.302325581395348930e+00
3.875000000000000000e+00
3.222222222222222321e+00
4.000000000000000000e+00
3.534883720930232620e+00
3.743589743589743613e+00
3.431818181818181657e+00
3.111111111111111160e+00
2.877551020408163129e+00
4.000000000000000000e+00
4.000000000000000000e+00
2.913043478260869623e+00
3.743589743589743613e+00
3.642857142857142794e+00
4.000000000000000000e+00
3.268292682926829062e+00
3.534883720930232620e+00
3.333333333333333481e+00
3.642857142857142794e+00
2.362068965517241548e+00
3.021739130434782705e+00
3.642857142857142794e+00
3.534883720930232620e+00
3.222222222222222321e+00
2.888888888888888840e+00
3.875000000000000000e+00
2.854166666666666519e+00
