-1.510000000000000009e+00
-1.114999999999999991e+00
-1.347222222222222321e+00
-8.163265306122449161e-01
-1.090000000000000080e+00
-1.040000000000000036e+00
-1.070000000000000062e+00
-1.070000000000000062e+00
-7.272727272727272929e-01
-1.155000000000000027e+00
-6.182266009852216415e-01
-1.129999999999999893e+00
-8.796147672552167007e-01
-1.199999999999999956e+00
-1.149999999999999911e+00
-1.000000000000000000e+00
-1.145000000000000018e+00
-1.084999999999999964e+00
-6.409574468085106336e-01
-1.094999999999999973e+00
-3.137254901960784270e-01
-1.090000000000000080e+00
-9.380165289256198191e-01
-6.606334841628959120e-01
-8.107255520504731416e-01
-1.110000000000000098e+00
-6.899224806201550431e-01
-7.034764826175868846e-01
-8.984771573604061201e-01
-8.370370370370370239e-01
-1.104999999999999982e+00
-5.555555555555555802e-01
-4.653179190751445260e-01
-7.363465160075329807e-01
-8.301886792452830566e-01
-7.053231939163497888e-01
-6.991701244813277594e-01
-5.231958762886598224e-01
-5.595854922279792643e-01
-9.586288416075650076e-01
-6.280991735537190257e-01
-8.954703832752612946e-01
-1.000000000000000000e+00
-6.869070208728652593e-01
-9.359720605355064116e-01
-1.135000000000000009e+00
-1.135000000000000009e+00
-5.134228187919462894e-01
-4.145569620253164445e-01
-2.978723404255319007e-01
-5.443645083932853179e-01
-7.508896797153025160e-01
-4.670846394984325967e-01
8.224299065420560551e-01
-7.481343283582089221e-01
-1.070000000000000062e+00
6.666666666666666297e-01
-3.400000000000000244e-01
-7.637795275590550936e-01
3.671875000000000000e-01
-8.039215686274510109e-01
-2.040816326530612290e-01
2.420382165605095559e-01
5.421686746987951916e-02
-2.938931297709923562e-01
4.938271604938271331e-02
-6.503496503496503101e-01
6.386554621848739011e-01
2.758620689655172376e-01
8.552631578947368640e-02
-2.292490118577075187e-01
7.889908256880734383e-01
6.936416184971097576e-02
1.294117647058823595e+00
1.744966442953020114e-01
3.214285714285714524e-01
-4.294294294294294101e-01
-8.263888888888888395e-01
2.745098039215686514e-01
-4.761904761904761640e-01
-7.850318471337579540e-01
-1.205000000000000071e+00
-7.686375321336761379e-01
-4.318181818181818232e-01
2.420382165605095559e-01
-8.756218905472636926e-01
4.130434782608695676e-01
2.000000000000000000e+00
-1.114999999999999991e+00
1.648351648351648394e-02
-4.822485207100591920e-01
5.725806451612903691e-01
8.187134502923976154e-02
2.425925925925926041e+00
-9.604519774011299749e-02
1.235294117647058876e+00
1.954545454545454586e+00
1.532467532467532534e+00
1.822580645161290258e+00
2.421052631578947345e+00
2.064516129032258007e+00
3.148936170212766061e+00
3.534883720930232620e+00
2.250000000000000000e+00
1.868852459016393519e+00
3.534883720930232620e+00
3.302325581395348930e+00
3.204545454545454586e+00
3.148936170212766061e+00
3.062500000000000000e+00
1.428571428571428603e+00
9.306930693069307425e-01
-1.070000000000000062e+00
-8.491379310344827624e-01
3.805970149253731227e-01
-7.943595769682726404e-01
-7.069943289224952521e-01
1.746478873239436513e+00
1.364864864864864913e+00
2.421052631578947345e+00
9.306930693069307425e-01
2.679245283018867774e+00
3.512195121951219523e+00
1.241379310344827624e+00
6.557377049180328210e-02
2.777777777777777679e+00
2.557692307692307487e+00
3.333333333333333481e+00
3.239130434782608869e+00
2.545454545454545414e+00
4.270270270270270174e+00
2.977272727272727071e+00
4.270270270270270174e+00
4.131578947368421240e+00
3.756097560975609539e+00
3.302325581395348930e+00
2.362068965517241548e+00
3.642857142857142794e+00
3.148936170212766061e+00
2.823529411764706065e+00
3.534883720930232620e+00
3.756097560975609539e+00
3.333333333333333481e+00
3.523809523809523725e+00
2.431372549019607643e+00
2.557692307692307487e+00
4.000000000000000000e+00
4.270270270270270174e+00
3.642857142857142794e+00
4.000000000000000000e+00
3.512195121951219523e+00
2.775510204081632626e+00
2.461538461538461675e+00
3.111111111111111160e+00
3.431818181818181657e+00
3.431818181818181657e+00
3.285714285714285587e+00
3.111111111111111160e+00
3.642857142857142794e+00
2.700000000000000178e+00
4.000000000000000000e+00
3.333333333333333481e+00
3.743589743589743613e+00
3.090909090909090828e+00
3.431818181818181657e+00
1.777777777777777679e+00
4.000000000000000000e+00
3.756097560975609539e+00
3.642857142857142794e+00
3.756097560975609539e+00
4.131578947368421240e+00
3.642857142857142794e+00
3.534883720930232620e+00
3.871794871794871806e+00
4.000000000000000000e+00
3.625000000000000000e+00
3.634146341463414753e+00
3.534883720930232620e+00
3.756097560975609539e+00
3.756097560975609539e+00
3.615384615384615419e+00
3.333333333333333481e+00
4.000000000000000000e+00
3.534883720930232620e+00
1.402597402597402620e+00
3.534883720930232620e+00
3.534883720930232620e+00
3.868421052631578760e+00
3.756097560975609539e+00
3.204545454545454586e+00
4.000000000000000000e+00
3.239130434782608869e+00
3.642857142857142794e+00
3.756097560975609539e+00
3.333333333333333481e+00
3.239130434782608869e+00
3.302325581395348930e+00
2.114754098360655643e+00
3.487179487179487225e+00
2.425925925925926041e+00
3.047619047619047450e+00
3.871794871794871806e+00
3.062500000000000000e+00
3.756097560975609539e+00
3.222222222222222321e+00
2.679245283018867774e+00
3.130434782608695787e+00
3.875000000000000000e+00
3.534883720930232620e+00
3.534883720930232620e+00
3.302325581395348930e+00
3.222222222222222321e+00
3.333333333333333481e+00
2.775510204081632626e+00
2.750000000000000000e+00
3.069767441860465240e+00
3.642857142857142794e+00
4.000000000000000000e+00
3.431818181818181657e+00
3.512195121951219523e+00
3.333333333333333481e+00
3.875000000000000000e+00
2.823529411764706065e+00
3.239130434782608869e+00
4.000000000000000000e+00
3.750000000000000000e+00
2.777777777777777679e+00
4.131578947368421240e+00
3.333333333333333481e+00
2.700000000000000178e+00
3.756097560975609539e+00
3.431818181818181657e+00
3.204545454545454586e+00
3.534883720930232620e+00
4.270270270270270174e+00
3.534883720930232620e+00
2.700000000000000178e+00
3.642857142857142794e+00
4.270270270270270174e+00
3.062500000000000000e+00
3.534883720930232620e+00
3.523809523809523725e+00
2.799999999999999822e+00
3.148936170212766061e+00
3.642857142857142794e+00
3.875000000000000000e+00
3.302325581395348930e+00
2.854166666666666519e+00
3.318181818181818343e+00
3.868421052631578760e+00
3.875000000000000000e+00
2.775510204081632626e+00
3.625000000000000000e+00
3.333333333333333481e+00
3.021739130434782705e+00
2.363636363636363757e+00
4.131578947368421240e+00
3.239130434782608869e+00
4.131578947368421240e+00
3.875000000000000000e+00
2.899999999999999911e+00
2.958333333333333481e+00
3.148936170212766061e+00
3.021739130434782705e+00
3.875000000000000000e+00
2.979591836734694077e+00
3.431818181818181657e+00
3.634146341463414753e+00
3.204545454545454586e+00
3.875000000000000000e+00
3.512195121951219523e+00
3.875000000000000000e+00
3.285714285714285587e+00
3.239130434782608869e+00
3.062500000000000000e+00
3.302325581395348930e+00
4.131578947368421240e+00
3.743589743589743613e+00
4.000000000000000000e+00
3.431818181818181657e+00
3.868421052631578760e+00
4.000000000000000000e+00
3.625000000000000000e+00
3.431818181818181657e+00
3.875000000000000000e+00
3.534883720930232620e+00
3.534883720930232620e+00
2.181818181818181657e+00
2.775510204081632626e+00
4.270270270270270174e+00
3.333333333333333481e+00
3.239130434782608869e+00
4.270270270270270174e+00
3.111111111111111160e+00
3.333333333333333481e+00
4.000000000000000000e+00
3.756097560975609539e+00
3.875000000000000000e+00
3.302325581395348930e+00
3.431818181818181657e+00
3.875000000000000000e+00
2.936170212765957466e+00
2.958333333333333481e+00
4.270270270270270174e+00
3.534883720930232620e+00
4.270270270270270174e+00
3.642857142857142794e+00
2.775510204081632626e+00
3.431818181818181657e+00
2.157894736842105310e+00
3.875000000000000000e+00
3.111111111111111160e+00
4.270270270270270174e+00
3.756097560975609539e+00
3.756097560975609539e+00
2.877551020408163129e+00
3.404761904761904656e+00
3.418604651162790553e+00
3.222222222222222321e+00
3.750000000000000000e+00
2.700000000000000178e+00
3.204545454545454586e+00
2.700000000000000178e+00
3.204545454545454586e+00
3.875000000000000000e+00
2.877551020408163129e+00
3.239130434782608869e+00
3.756097560975609539e+00
2.899999999999999911e+00
3.318181818181818343e+00
3.642857142857142794e+00
3.642857142857142794e+00
3.642857142857142794e+00
3.302325581395348930e+00
3.875000000000000000e+00
4.000000000000000000e+00
3.487179487179487225e+00
3.239130434782608869e+00
2.700000000000000178e+00
3.204545454545454586e+00
3.333333333333333481e+00
3.871794871794871806e+00
3.875000000000000000e+00
3.239130434782608869e+00
3.756097560975609539e+00
3.148936170212766061e+00
3.642857142857142794e+00
4.000000000000000000e+00
3.090909090909090828e+00
3.333333333333333481e+00
3.642857142857142794e+00
3.875000000000000000e+00
4.270270270270270174e+00
4.131578947368421240e+00
3.534883720930232620e+00
3.062500000000000000e+00
3.062500000000000000e+00
3.431818181818181657e+00
3.333333333333333481e+00
2.899999999999999911e+00
3.875000000000000000e+00
3.875000000000000000e+00
3.148936170212766061e+00
3.534883720930232620e+00
2.700000000000000178e+00
3.333333333333333481e+00
3.756097560975609539e+00
4.000000000000000000e+00
3.642857142857142794e+00
2.936170212765957466e+00
4.000000000000000000e+00
2.113207547169811296e+00
3.111111111111111160e+00
3.534883720930232620e+00
3.534883720930232620e+00
3.204545454545454586e+00
3.431818181818181657e+00
3.302325581395348930e+00
4.000000000000000000e+00
3.642857142857142794e+00
3.318181818181818343e+00
3.302325581395348930e+00
3.756097560975609539e+00
3.512195121951219523e+00
3.875000000000000000e+00
3.431818181818181657e+00
3.875000000000000000e+00
3.875000000000000000e+00
4.000000000000000000e+00
3.042553191489361541e+00
3.868421052631578760e+00
2.877551020408163129e+00
3.756097560975609539e+00
3.431818181818181657e+00
4.270270270270270174e+00
3.487179487179487225e+00
3.534883720930232620e+00
3.756097560975609539e+00
2.958333333333333481e+00
3.534883720930232620e+00
3.111111111111111160e+00
4.000000000000000000e+00
3.534883720930232620e+00
3.239130434782608869e+00
3.523809523809523725e+00
3.239130434782608869e+00
2.854166666666666519e+00
2.899999999999999911e+00
3.239130434782608869e+00
3.222222222222222321e+00
4.270270270270270174e+00
4.131578947368421240e+00
2.461538461538461675e+00
3.756097560975609539e+00
2.750000000000000000e+00
3.534883720930232620e+00
3.875000000000000000e+00
3.534883720930232620e+00
2.809523809523809312e+00
3.166666666666666519e+00
2.877551020408163129e+00
4.131578947368421240e+00
3.062500000000000000e+00
3.111111111111111160e+00
3.239130434782608869e+00
3.642857142857142794e+00
4.131578947368421240e+00
3.512195121951219523e+00
3.318181818181818343e+00
3.333333333333333481e+00
3.333333333333333481e+00
2.070175438596491446e+00
3.642857142857142794e+00
3.743589743589743613e+00
3.534883720930232620e+00
2.482142857142857206e+00
3.404761904761904656e+00
3.523809523809523725e+00
4.000000000000000000e+00
2.775510204081632626e+00
3.069767441860465240e+00
3.333333333333333481e+00
4.270270270270270174e+00
3.868421052631578760e+00
3.222222222222222321e+00
3.239130434782608869e+00
2.600000000000000089e+00
3.871794871794871806e+00
2.750000000000000000e+00
3.523809523809523725e+00
3.204545454545454586e+00
4.270270270270270174e+00
3.239130434782608869e+00
3.222222222222222321e+00
3.431818181818181657e+00
3.148936170212766061e+00
4.000000000000000000e+00
2.125000000000000000e+00
3.404761904761904656e+00
2.750000000000000000e+00
2.958333333333333481e+00
2.673469387755102122e+00
2.936170212765957466e+00
3.875000000000000000e+00
3.875000000000000000e+00
3.756097560975609539e+00
3.204545454545454586e+00
4.270270270270270174e+00
3.302325581395348930e+00
3.186046511627906863e+00
3.239130434782608869e+00
4.000000000000000000e+00
4.131578947368421240e+00
3.523809523809523725e+00
4.000000000000000000e+00
3.534883720930232620e+00
3.111111111111111160e+00
3.756097560975609539e+00
2.823529411764706065e+00
3.148936170212766061e+00
3.404761904761904656e+00
4.000000000000000000e+00
2.928571428571428381e+00
3.069767441860465240e+00
3.021739130434782705e+00
3.239130434782608869e+00
3.404761904761904656e+00
3.743589743589743613e+00
3.418604651162790553e+00
4.131578947368421240e+00
3.204545454545454586e+00
3.431818181818181657e+00
3.148936170212766061e+00
3.062500000000000000e+00
3.642857142857142794e+00
4.000000000000000000e+00
3.743589743589743613e+00
4.000000000000000000e+00
3.534883720930232620e+00
3.222222222222222321e+00
3.534883720930232620e+00
2.979591836734694077e+00
3.431818181818181657e+00
2.936170212765957466e+00
3.642857142857142794e+00
3.642857142857142794e+00
4.000000000000000000e+00
3.534883720930232620e+00
3.634146341463414753e+00
2.936170212765957466e+00
3.642857142857142794e+00
3.534883720930232620e+00
3.333333333333333481e+00
2.679245283018867774e+00
3.404761904761904656e+00
3.875000000000000000e+00
3.875000000000000000e+00
4.000000000000000000e+00
3.534883720930232620e+00
4.270270270270270174e+00
3.756097560975609539e+00
4.000000000000000000e+00
3.333333333333333481e+00
3.642857142857142794e+00
3.111111111111111160e+00
2.936170212765957466e+00
3.756097560975609539e+00
3.062500000000000000e+00
3.333333333333333481e+00
4.000000000000000000e+00
3.756097560975609539e+00
3.534883720930232620e+00
3.756097560975609539e+00
3.111111111111111160e+00
3.148936170212766061e+00
3.404761904761904656e+00
3.642857142857142794e+00
3.871794871794871806e+00
3.642857142857142794e+00
2.877551020408163129e+00
2.854166666666666519e+00
3.756097560975609539e+00
3.756097560975609539e+00
3.534883720930232620e+00
2.700000000000000178e+00
3.042553191489361541e+00
4.131578947368421240e+00
2.673469387755102122e+00
2.363636363636363757e+00
2.958333333333333481e+00
3.523809523809523725e+00
3.239130434782608869e+00
3.148936170212766061e+00
3.302325581395348930e+00
3.204545454545454586e+00
4.131578947368421240e+00
3.130434782608695787e+00
4.131578947368421240e+00
2.173076923076922906e+00
4.000000000000000000e+00
2.775510204081632626e+00
2.645833333333333481e+00
3.875000000000000000e+00
3.534883720930232620e+00
3.875000000000000000e+00
3.130434782608695787e+00
3.186046511627906863e+00
3.523809523809523725e+00
2.979591836734694077e+00
3.634146341463414753e+00
3.534883720930232620e+00
3.534883720930232620e+00
4.131578947368421240e+00
2.775510204081632626e+00
2.829787234042553390e+00
3.642857142857142794e+00
3.756097560975609539e+00
3.871794871794871806e+00
3.431818181818181657e+00
3.148936170212766061e+00
2.272727272727272929e+00
3.222222222222222321e+00
3.756097560975609539e+00
3.268292682926829062e+00
4.000000000000000000e+00
4.000000000000000000e+00
3.239130434782608869e+00
3.512195121951219523e+00
3.333333333333333481e+00
4.000000000000000000e+00
3.302325581395348930e+00
3.756097560975609539e+00
2.189655172413793149e+00
3.875000000000000000e+00
3.534883720930232620e+00
3.090909090909090828e+00
3.431818181818181657e+00
3.512195121951219523e+00
4.270270270270270174e+00
3.418604651162790553e+00
2.913043478260869623e+00
3.875000000000000000e+00
4.000000000000000000e+00
3.875000000000000000e+00
4.000000000000000000e+00
3.302325581395348930e+00
2.500000000000000000e+00
3.111111111111111160e+00
2.557692307692307487e+00
3.875000000000000000e+00
2.235294117647058876e+00
3.750000000000000000e+00
3.642857142857142794e+00
3.642857142857142794e+00
3.634146341463414753e+00
2.936170212765957466e+00
3.625000000000000000e+00
2.953488372093023173e+00
3.743589743589743613e+00
3.875000000000000000e+00
3.534883720930232620e+00
4.000000000000000000e+00
3.021739130434782705e+00
3.875000000000000000e+00
3.642857142857142794e+00
4.270270270270270174e+00
3.333333333333333481e+00
3.021739130434782705e+00
3.431818181818181657e+00
4.270270270270270174e+00
3.512195121951219523e+00
3.375000000000000000e+00
3.148936170212766061e+00
3.634146341463414753e+00
3.634146341463414753e+00
3.130434782608695787e+00
3.743589743589743613e+00
3.404761904761904656e+00
4.000000000000000000e+00
2.936170212765957466e+00
3.111111111111111160e+00
4.000000000000000000e+00
3.642857142857142794e+00
3.756097560975609539e+00
3.418604651162790553e+00
4.000000000000000000e+00
3.204545454545454586e+00
4.000000000000000000e+00
3.534883720930232620e+00
4.000000000000000000e+00
4.000000000000000000e+00
3.239130434782608869e+00
3.318181818181818343e+00
3.431818181818181657e+00
3.642857142857142794e+00
2.333333333333333481e+00
2.723404255319148870e+00
3.302325581395348930e+00
3.534883720930232620e+00
3.534883720930232620e+00
4.131578947368421240e+00
3.333333333333333481e+00
4.270270270270270174e+00
3.875000000000000000e+00
4.000000000000000000e+00
3.239130434782608869e+00
3.333333333333333481e+00
3.750000000000000000e+00
3.756097560975609539e+00
3.642857142857142794e+00
4.000000000000000000e+00
3.634146341463414753e+00
2.545454545454545414e+00
3.318181818181818343e+00
2.700000000000000178e+00
3.222222222222222321e+00
3.534883720930232620e+00
3.239130434782608869e+00
3.333333333333333481e+00
3.418604651162790553e+00
3.111111111111111160e+00
4.131578947368421240e+00
4.270270270270270174e+00
3.333333333333333481e+00
3.302325581395348930e+00
3.634146341463414753e+00
3.111111111111111160e+00
3.756097560975609539e+00
3.875000000000000000e+00
2.977272727272727071e+00
3.062500000000000000e+00
3.642857142857142794e+00
3.239130434782608869e+00
3.302325581395348930e+00
3.204545454545454586e+00
3.111111111111111160e+00
4.000000000000000000e+00
4.131578947368421240e+00
3.875000000000000000e+00
3.333333333333333481e+00
2.979591836734694077e+00
4.000000000000000000e+00
3.062500000000000000e+00
3.756097560975609539e+00
4.000000000000000000e+00
2.297872340425532123e+00
4.000000000000000000e+00
3.148936170212766061e+00
3.333333333333333481e+00
3.431818181818181657e+00
3.743589743589743613e+00
3.333333333333333481e+00
3.875000000000000000e+00
3.642857142857142794e+00
2.854166666666666519e+00
4.000000000000000000e+00
4.000000000000000000e+00
3.642857142857142794e+00
3.111111111111111160e+00
3.431818181818181657e+00
3.318181818181818343e+00
2.627450980392156854e+00
2.700000000000000178e+00
2.958333333333333481e+00
3.875000000000000000e+00
2.083333333333333481e+00
3.512195121951219523e+00
3.534883720930232620e+00
3.642857142857142794e+00
2.611111111111111160e+00
3.062500000000000000e+00
3.534883720930232620e+00
4.000000000000000000e+00
3.333333333333333481e+00
3.431818181818181657e+00
3.875000000000000000e+00
3.021739130434782705e+00
3.642857142857142794e+00
3.239130434782608869e+00
3.875000000000000000e+00
2.979591836734694077e+00
3.756097560975609539e+00
2.936170212765957466e+00
3.875000000000000000e+00
3.534883720930232620e+00
2.700000000000000178e+00
3.090909090909090828e+00
3.431818181818181657e+00
2.750000000000000000e+00
2.936170212765957466e+00
3.756097560975609539e+00
3.333333333333333481e+00
3.431818181818181657e+00
3.756097560975609539e+00
2.425925925925926041e+00
3.042553191489361541e+00
3.642857142857142794e+00
3.642857142857142794e+00
3.333333333333333481e+00
3.756097560975609539e+00
3.148936170212766061e+00
3.239130434782608869e+00
3.239130434782608869e+00
2.679245283018867774e+00
3.642857142857142794e+00
3.239130434782608869e+00
4.000000000000000000e+00
3.333333333333333481e+00
3.333333333333333481e+00
3.756097560975609539e+00
2.775510204081632626e+00
3.431818181818181657e+00
4.270270270270270174e+00
3.302325581395348930e+00
3.534883720930232620e+00
3.743589743589743613e+00
3.333333333333333481e+00
3.431818181818181657e+00
3.021739130434782705e+00
3.431818181818181657e+00
4.270270270270270174e+00
2.854166666666666519e+00
4.131578947368421240e+00
3.534883720930232620e+00
3.750000000000000000e+00
3.756097560975609539e+00
3.404761904761904656e+00
3.431818181818181657e+00
2.979591836734694077e+00
3.642857142857142794e+00
3.634146341463414753e+00
3.756097560975609539e+00
2.799999999999999822e+00
3.302325581395348930e+00
2.829787234042553390e+00
3.523809523809523725e+00
2.899999999999999911e+00
3.302325581395348930e+00
2.777777777777777679e+00
3.021739130434782705e+00
2.100000000000000089e+00
2.750000000000000000e+00
2.679245283018867774e+00
2.979591836734694077e+00
3.333333333333333481e+00
4.131578947368421240e+00
4.000000000000000000e+00
3.318181818181818343e+00
2.653846153846153744e+00
3.333333333333333481e+00
2.367346938775510168e+00
3.642857142857142794e+00
4.000000000000000000e+00
3.534883720930232620e+00
3.090909090909090828e+00
3.871794871794871806e+00
3.534883720930232620e+00
3.404761904761904656e+00
3.418604651162790553e+00
3.875000000000000000e+00
3.111111111111111160e+00
4.000000000000000000e+00
3.875000000000000000e+00
3.204545454545454586e+00
3.404761904761904656e+00
4.270270270270270174e+00
3.534883720930232620e+00
3.431818181818181657e+00
3.333333333333333481e+00
3.239130434782608869e+00
3.111111111111111160e+00
4.000000000000000000e+00
2.425925925925926041e+00
4.270270270270270174e+00
2.700000000000000178e+00
3.204545454545454586e+00
3.111111111111111160e+00
3.204545454545454586e+00
4.131578947368421240e+00
4.131578947368421240e+00
3.333333333333333481e+00
3.875000000000000000e+00
4.270270270270270174e+00
3.756097560975609539e+00
3.642857142857142794e+00
3.875000000000000000e+00
3.042553191489361541e+00
2.700000000000000178e+00
3.418604651162790553e+00
3.333333333333333481e+00
3.500000000000000000e+00
3.756097560975609539e+00
2.854166666666666519e+00
3.222222222222222321e+00
3.318181818181818343e+00
3.756097560975609539e+00
4.000000000000000000e+00
3.146341463414634276e+00
3.318181818181818343e+00
3.523809523809523725e+00
3.512195121951219523e+00
3.756097560975609539e+00
3.634146341463414753e+00
2.829787234042553390e+00
3.756097560975609539e+00
3.756097560975609539e+00
3.418604651162790553e+00
3.756097560975609539e+00
3.418604651162790553e+00
2.936170212765957466e+00
4.270270270270270174e+00
3.756097560975609539e+00
3.318181818181818343e+00
3.756097560975609539e+00
3.130434782608695787e+00
3.534883720930232620e+00
3.333333333333333481e+00
2.958333333333333481e+00
2.362068965517241548e+00
3.431818181818181657e+00
4.000000000000000000e+00
2.775510204081632626e+00
3.222222222222222321e+00
3.148936170212766061e+00
3.404761904761904656e+00
3.871794871794871806e+00
3.222222222222222321e+00
3.750000000000000000e+00
3.756097560975609539e+00
2.775510204081632626e+00
3.642857142857142794e+00
2.611111111111111160e+00
3.642857142857142794e+00
3.111111111111111160e+00
3.642857142857142794e+00
3.642857142857142794e+00
2.979591836734694077e+00
3.418604651162790553e+00
3.418604651162790553e+00
3.204545454545454586e+00
3.875000000000000000e+00
4.270270270270270174e+00
2.679245283018867774e+00
3.062500000000000000e+00
3.239130434782608869e+00
4.000000000000000000e+00
3.204545454545454586e+00
3.875000000000000000e+00
4.000000000000000000e+00
2.679245283018867774e+00
3.875000000000000000e+00
3.062500000000000000e+00
3.333333333333333481e+00
2.673469387755102122e+00
3.756097560975609539e+00
3.418604651162790553e+00
3.756097560975609539e+00
2.363636363636363757e+00
3.523809523809523725e+00
3.021739130434782705e+00
3.534883720930232620e+00
3.875000000000000000e+00
3.431818181818181657e+00
3.239130434782608869e+00
2.877551020408163129e+00
4.000000000000000000e+00
3.756097560975609539e+00
3.148936170212766061e+00
3.534883720930232620e+00
3.750000000000000000e+00
2.804347826086956541e+00
4.270270270270270174e+00
4.270270270270270174e+00
3.756097560975609539e+00
3.333333333333333481e+00
2.557692307692307487e+00
2.100000000000000089e+00
3.021739130434782705e+00
3.021739130434782705e+00
4.000000000000000000e+00
3.130434782608695787e+00
3.487179487179487225e+00
1.666666666666666741e+00
3.634146341463414753e+00
3.250000000000000000e+00
3.250000000000000000e+00
3.390243902439024293e+00
2.137254901960784270e+00
3.750000000000000000e+00
3.871794871794871806e+00
3.431818181818181657e+00
3.148936170212766061e+00
3.285714285714285587e+00
4.000000000000000000e+00
4.270270270270270174e+00
3.875000000000000000e+00
3.642857142857142794e+00
3.523809523809523725e+00
3.431818181818181657e+00
3.021739130434782705e+00
3.431818181818181657e+00
3.487179487179487225e+00
3.756097560975609539e+00
3.512195121951219523e+00
2.854166666666666519e+00
3.000000000000000000e+00
2.823529411764706065e+00
4.270270270270270174e+00
4.270270270270270174e+00
4.270270270270270174e+00
2.604651162790697860e+00
2.877551020408163129e+00
3.634146341463414753e+00
2.877551020408163129e+00
3.021739130434782705e+00
2.645833333333333481e+00
3.625000000000000000e+00
3.625000000000000000e+00
4.131578947368421240e+00
3.204545454545454586e+00
2.958333333333333481e+00
3.642857142857142794e+00
4.270270270270270174e+00
3.875000000000000000e+00
3.534883720930232620e+00
3.148936170212766061e+00
3.642857142857142794e+00
3.756097560975609539e+00
4.000000000000000000e+00
3.333333333333333481e+00
3.642857142857142794e+00
3.204545454545454586e+00
3.534883720930232620e+00
3.000000000000000000e+00
3.534883720930232620e+00
4.270270270270270174e+00
4.270270270270270174e+00
3.756097560975609539e+00
3.534883720930232620e+00
3.642857142857142794e+00
