-1.094999999999999973e+00
-1.392781316348195242e+00
-1.209999999999999964e+00
-1.149999999999999911e+00
-1.110000000000000098e+00
-1.110000000000000098e+00
-7.333333333333332815e-01
-8.591549295774647543e-01
-5.300751879699248104e-01
-6.913580246913579863e-01
-1.235000000000000098e+00
-1.040000000000000036e+00
-1.080000000000000071e+00
-1.215000000000000080e+00
-1.064999999999999947e+00
-1.080000000000000071e+00
-1.219999999999999973e+00
-1.094999999999999973e+00
-1.155000000000000027e+00
-1.145000000000000018e+00
-1.074999999999999956e+00
-1.084999999999999964e+00
-1.120000000000000107e+00
-6.688741721854304378e-01
-7.084233261339092369e-01
-4.923076923076923350e-01
-1.175000000000000044e+00
-5.518207282913165646e-01
-6.766743648960739099e-01
-1.951219512195122019e-01
-3.515358361774744145e-01
-1.479820627802690691e-01
-1.090000000000000080e+00
-3.707482993197279142e-01
-7.757009345794392274e-01
-1.090000000000000080e+00
-8.439937597503900379e-01
-4.892473118279569988e-01
-6.378504672897196137e-01
-4.670846394984325967e-01
-1.094999999999999973e+00
-6.808510638297872175e-01
2.484472049689440826e-02
-9.065420560747663448e-01
-1.666666666666666574e-01
-1.070000000000000062e+00
-1.752577319587628746e-01
-4.462025316455696111e-01
-3.376068376068376287e-01
-7.250509164969449749e-01
-4.237918215613382666e-01
-5.689655172413793371e-01
-5.066666666666667096e-01
-3.392857142857143016e-01
-6.728971962616822067e-01
-1.125000000000000000e+00
-2.777777777777777901e-01
-9.237472766884531339e-01
-3.589743589743589758e-01
-1.129999999999999893e+00
-7.902097902097902082e-01
-1.129999999999999893e+00
-1.014999999999999902e+00
1.092896174863387977e-02
-8.577524893314366627e-01
-6.107784431137724956e-01
-8.775216138328529869e-01
-7.137745974955277406e-01
-1.110000000000000098e+00
-3.811074918566775271e-01
-1.080000000000000071e+00
-8.531139835487661083e-01
-7.674418604651163101e-01
-6.428571428571429047e-01
-1.020000000000000018e+00
-5.147058823529411242e-01
-4.972826086956521618e-01
-1.145000000000000018e+00
-5.685840707964602281e-01
-8.187995469988674779e-01
-5.441988950276243076e-01
-5.723684210526315264e-01
-3.543046357615893815e-01
-7.500000000000000000e-01
-1.044999999999999929e+00
-1.110000000000000098e+00
3.732394366197183122e-01
-3.205574912891985817e-01
-8.544698544698544618e-01
-3.617021276595744905e-01
-8.767123287671232390e-01
-5.833333333333333703e-01
4.830508474576271083e-01
-6.108490566037735325e-01
-6.390374331550802145e-01
-4.444444444444444198e-01
5.555555555555555247e-02
-3.750000000000000000e-01
1.708333333333333259e+00
8.750000000000000000e-01
-4.696969696969697239e-01
-2.669172932330827197e-01
-3.085106382978723416e-01
6.346153846153845812e-01
1.468354430379746889e+00
2.000000000000000000e+00
-8.216939078751857028e-01
-6.726862302483069822e-01
8.811881188118811936e-01
2.094240837696335206e-02
2.823529411764706065e+00
-9.289099526066351142e-01
1.826086956521739024e+00
1.536231884057970953e+00
1.267441860465116310e+00
4.728682170542635732e-01
-1.094999999999999973e+00
2.421052631578947345e+00
4.179104477611940149e-01
1.868852459016393519e+00
2.482142857142857206e+00
5.600000000000000533e-01
1.294117647058823595e+00
6.371681415929203451e-01
9.791666666666666297e-01
3.069767441860465240e+00
3.148936170212766061e+00
1.785714285714285809e+00
2.012987012987013102e-01
3.868421052631578760e+00
3.431818181818181657e+00
3.204545454545454586e+00
3.875000000000000000e+00
3.523809523809523725e+00
2.245614035087719174e+00
4.000000000000000000e+00
2.979591836734694077e+00
4.000000000000000000e+00
3.756097560975609539e+00
3.756097560975609539e+00
3.871794871794871806e+00
4.000000000000000000e+00
3.756097560975609539e+00
3.756097560975609539e+00
2.888888888888888840e+00
3.625000000000000000e+00
2.545454545454545414e+00
3.875000000000000000e+00
3.523809523809523725e+00
3.756097560975609539e+00
3.222222222222222321e+00
2.207547169811320931e+00
4.270270270270270174e+00
3.642857142857142794e+00
2.958333333333333481e+00
2.854166666666666519e+00
3.642857142857142794e+00
4.131578947368421240e+00
3.333333333333333481e+00
1.796610169491525522e+00
2.679245283018867774e+00
2.936170212765957466e+00
3.642857142857142794e+00
3.512195121951219523e+00
3.534883720930232620e+00
4.000000000000000000e+00
3.756097560975609539e+00
4.000000000000000000e+00
4.131578947368421240e+00
3.875000000000000000e+00
3.534883720930232620e+00
3.333333333333333481e+00
2.958333333333333481e+00
3.333333333333333481e+00
3.875000000000000000e+00
3.431818181818181657e+00
4.000000000000000000e+00
3.418604651162790553e+00
3.302325581395348930e+00
2.899999999999999911e+00
3.431818181818181657e+00
4.131578947368421240e+00
3.431818181818181657e+00
3.743589743589743613e+00
3.512195121951219523e+00
3.021739130434782705e+00
3.239130434782608869e+00
3.062500000000000000e+00
3.285714285714285587e+00
3.431818181818181657e+00
3.204545454545454586e+00
4.000000000000000000e+00
3.756097560975609539e+00
2.750000000000000000e+00
3.743589743589743613e+00
3.634146341463414753e+00
3.875000000000000000e+00
2.500000000000000000e+00
3.875000000000000000e+00
3.239130434782608869e+00
3.875000000000000000e+00
2.936170212765957466e+00
4.000000000000000000e+00
2.977272727272727071e+00
3.642857142857142794e+00
2.913043478260869623e+00
3.634146341463414753e+00
3.318181818181818343e+00
4.131578947368421240e+00
4.131578947368421240e+00
3.021739130434782705e+00
2.854166666666666519e+00
4.000000000000000000e+00
4.000000000000000000e+00
3.090909090909090828e+00
3.512195121951219523e+00
3.634146341463414753e+00
3.756097560975609539e+00
3.534883720930232620e+00
4.131578947368421240e+00
4.000000000000000000e+00
2.899999999999999911e+00
4.000000000000000000e+00
3.534883720930232620e+00
2.936170212765957466e+00
3.418604651162790553e+00
4.131578947368421240e+00
3.756097560975609539e+00
3.642857142857142794e+00
3.148936170212766061e+00
2.750000000000000000e+00
3.111111111111111160e+00
3.756097560975609539e+00
3.875000000000000000e+00
3.404761904761904656e+00
3.756097560975609539e+00
2.979591836734694077e+00
3.404761904761904656e+00
4.000000000000000000e+00
2.611111111111111160e+00
3.062500000000000000e+00
3.239130434782608869e+00
3.756097560975609539e+00
3.148936170212766061e+00
3.875000000000000000e+00
3.404761904761904656e+00
3.062500000000000000e+00
4.270270270270270174e+00
3.333333333333333481e+00
3.333333333333333481e+00
4.000000000000000000e+00
3.750000000000000000e+00
3.534883720930232620e+00
2.913043478260869623e+00
3.642857142857142794e+00
3.431818181818181657e+00
2.627450980392156854e+00
3.875000000000000000e+00
3.750000000000000000e+00
3.634146341463414753e+00
2.854166666666666519e+00
2.545454545454545414e+00
3.756097560975609539e+00
3.523809523809523725e+00
4.131578947368421240e+00
2.679245283018867774e+00
3.625000000000000000e+00
3.418604651162790553e+00
3.642857142857142794e+00
3.318181818181818343e+00
3.062500000000000000e+00
2.611111111111111160e+00
4.131578947368421240e+00
3.404761904761904656e+00
3.875000000000000000e+00
3.634146341463414753e+00
3.875000000000000000e+00
2.363636363636363757e+00
3.431818181818181657e+00
3.318181818181818343e+00
2.854166666666666519e+00
3.642857142857142794e+00
3.871794871794871806e+00
2.823529411764706065e+00
3.642857142857142794e+00
3.239130434782608869e+00
3.534883720930232620e+00
3.875000000000000000e+00
2.877551020408163129e+00
3.222222222222222321e+00
3.534883720930232620e+00
3.148936170212766061e+00
3.222222222222222321e+00
3.021739130434782705e+00
2.936170212765957466e+00
3.431818181818181657e+00
2.653846153846153744e+00
3.756097560975609539e+00
3.534883720930232620e+00
2.877551020408163129e+00
3.431818181818181657e+00
3.431818181818181657e+00
4.000000000000000000e+00
3.148936170212766061e+00
2.461538461538461675e+00
2.854166666666666519e+00
3.750000000000000000e+00
3.871794871794871806e+00
3.642857142857142794e+00
3.756097560975609539e+00
3.750000000000000000e+00
3.302325581395348930e+00
2.888888888888888840e+00
3.756097560975609539e+00
2.829787234042553390e+00
3.090909090909090828e+00
4.000000000000000000e+00
3.239130434782608869e+00
4.000000000000000000e+00
4.270270270270270174e+00
2.829787234042553390e+00
3.756097560975609539e+00
3.302325581395348930e+00
2.913043478260869623e+00
3.756097560975609539e+00
3.756097560975609539e+00
3.534883720930232620e+00
2.823529411764706065e+00
3.239130434782608869e+00
3.868421052631578760e+00
4.131578947368421240e+00
4.131578947368421240e+00
3.534883720930232620e+00
3.418604651162790553e+00
3.062500000000000000e+00
3.285714285714285587e+00
3.239130434782608869e+00
2.899999999999999911e+00
3.642857142857142794e+00
3.642857142857142794e+00
3.318181818181818343e+00
2.936170212765957466e+00
3.875000000000000000e+00
3.871794871794871806e+00
3.069767441860465240e+00
3.318181818181818343e+00
3.642857142857142794e+00
3.642857142857142794e+00
3.333333333333333481e+00
1.133333333333333304e+00
3.302325581395348930e+00
3.239130434782608869e+00
3.634146341463414753e+00
3.130434782608695787e+00
3.875000000000000000e+00
3.431818181818181657e+00
2.700000000000000178e+00
1.719298245614035103e+00
3.756097560975609539e+00
2.235294117647058876e+00
3.111111111111111160e+00
2.775510204081632626e+00
4.000000000000000000e+00
3.148936170212766061e+00
3.875000000000000000e+00
3.130434782608695787e+00
2.829787234042553390e+00
3.204545454545454586e+00
3.534883720930232620e+00
3.431818181818181657e+00
3.418604651162790553e+00
3.756097560975609539e+00
3.875000000000000000e+00
3.431818181818181657e+00
3.021739130434782705e+00
3.333333333333333481e+00
3.534883720930232620e+00
2.804347826086956541e+00
4.270270270270270174e+00
3.750000000000000000e+00
3.239130434782608869e+00
3.642857142857142794e+00
2.854166666666666519e+00
4.270270270270270174e+00
3.333333333333333481e+00
4.131578947368421240e+00
3.875000000000000000e+00
4.131578947368421240e+00
2.750000000000000000e+00
3.021739130434782705e+00
2.958333333333333481e+00
3.534883720930232620e+00
3.534883720930232620e+00
4.000000000000000000e+00
2.913043478260869623e+00
2.829787234042553390e+00
4.131578947368421240e+00
3.148936170212766061e+00
3.642857142857142794e+00
3.512195121951219523e+00
3.875000000000000000e+00
3.333333333333333481e+00
4.131578947368421240e+00
4.270270270270270174e+00
3.418604651162790553e+00
3.333333333333333481e+00
3.302325581395348930e+00
3.512195121951219523e+00
3.000000000000000000e+00
3.239130434782608869e+00
4.000000000000000000e+00
4.000000000000000000e+00
4.270270270270270174e+00
3.204545454545454586e+00
3.756097560975609539e+00
3.523809523809523725e+00
3.204545454545454586e+00
3.756097560975609539e+00
3.318181818181818343e+00
4.000000000000000000e+00
3.333333333333333481e+00
2.333333333333333481e+00
3.431818181818181657e+00
3.148936170212766061e+00
3.875000000000000000e+00
3.062500000000000000e+00
3.222222222222222321e+00
3.534883720930232620e+00
3.534883720930232620e+00
3.222222222222222321e+00
3.642857142857142794e+00
3.756097560975609539e+00
3.875000000000000000e+00
3.534883720930232620e+00
2.679245283018867774e+00
4.131578947368421240e+00
2.627450980392156854e+00
3.523809523809523725e+00
3.431818181818181657e+00
4.000000000000000000e+00
3.642857142857142794e+00
3.756097560975609539e+00
3.642857142857142794e+00
3.404761904761904656e+00
2.482142857142857206e+00
2.936170212765957466e+00
2.979591836734694077e+00
3.756097560975609539e+00
3.431818181818181657e+00
4.131578947368421240e+00
2.936170212765957466e+00
3.333333333333333481e+00
4.000000000000000000e+00
2.979591836734694077e+00
4.000000000000000000e+00
3.148936170212766061e+00
2.425925925925926041e+00
4.000000000000000000e+00
4.131578947368421240e+00
4.131578947368421240e+00
3.875000000000000000e+00
3.642857142857142794e+00
3.875000000000000000e+00
3.062500000000000000e+00
3.000000000000000000e+00
3.000000000000000000e+00
4.131578947368421240e+00
3.431818181818181657e+00
3.222222222222222321e+00
3.875000000000000000e+00
3.534883720930232620e+00
3.204545454545454586e+00
3.875000000000000000e+00
3.239130434782608869e+00
4.135135135135135087e+00
4.000000000000000000e+00
3.042553191489361541e+00
3.756097560975609539e+00
4.000000000000000000e+00
3.875000000000000000e+00
4.000000000000000000e+00
3.875000000000000000e+00
4.000000000000000000e+00
3.431818181818181657e+00
3.333333333333333481e+00
2.899999999999999911e+00
3.418604651162790553e+00
4.131578947368421240e+00
4.131578947368421240e+00
2.240740740740740922e+00
3.239130434782608869e+00
3.333333333333333481e+00
3.512195121951219523e+00
1.822580645161290258e+00
2.725490196078431460e+00
3.756097560975609539e+00
3.090909090909090828e+00
2.015873015873015817e+00
3.523809523809523725e+00
3.431818181818181657e+00
3.756097560975609539e+00
3.431818181818181657e+00
3.756097560975609539e+00
3.148936170212766061e+00
3.204545454545454586e+00
2.617021276595744794e+00
3.868421052631578760e+00
3.756097560975609539e+00
4.000000000000000000e+00
3.756097560975609539e+00
3.756097560975609539e+00
4.000000000000000000e+00
3.756097560975609539e+00
3.534883720930232620e+00
3.642857142857142794e+00
3.239130434782608869e+00
3.534883720930232620e+00
3.222222222222222321e+00
3.111111111111111160e+00
4.000000000000000000e+00
3.021739130434782705e+00
3.756097560975609539e+00
3.062500000000000000e+00
3.239130434782608869e+00
3.523809523809523725e+00
3.534883720930232620e+00
3.642857142857142794e+00
3.431818181818181657e+00
3.111111111111111160e+00
3.875000000000000000e+00
3.333333333333333481e+00
4.131578947368421240e+00
3.111111111111111160e+00
3.756097560975609539e+00
3.239130434782608869e+00
2.899999999999999911e+00
3.642857142857142794e+00
3.512195121951219523e+00
3.642857142857142794e+00
3.239130434782608869e+00
2.958333333333333481e+00
3.239130434782608869e+00
3.642857142857142794e+00
2.899999999999999911e+00
4.000000000000000000e+00
2.936170212765957466e+00
3.268292682926829062e+00
3.875000000000000000e+00
3.021739130434782705e+00
3.875000000000000000e+00
3.062500000000000000e+00
3.239130434782608869e+00
2.500000000000000000e+00
3.875000000000000000e+00
4.000000000000000000e+00
3.642857142857142794e+00
4.131578947368421240e+00
3.318181818181818343e+00
3.868421052631578760e+00
3.239130434782608869e+00
4.131578947368421240e+00
3.333333333333333481e+00
4.000000000000000000e+00
2.367346938775510168e+00
3.111111111111111160e+00
3.130434782608695787e+00
2.673469387755102122e+00
3.302325581395348930e+00
3.431818181818181657e+00
3.642857142857142794e+00
3.756097560975609539e+00
3.875000000000000000e+00
2.854166666666666519e+00
3.642857142857142794e+00
3.333333333333333481e+00
3.642857142857142794e+00
3.875000000000000000e+00
3.318181818181818343e+00
3.634146341463414753e+00
2.095238095238095344e+00
3.642857142857142794e+00
2.823529411764706065e+00
3.431818181818181657e+00
3.756097560975609539e+00
2.775510204081632626e+00
3.130434782608695787e+00
3.431818181818181657e+00
3.318181818181818343e+00
4.000000000000000000e+00
3.333333333333333481e+00
2.799999999999999822e+00
2.750000000000000000e+00
3.642857142857142794e+00
4.000000000000000000e+00
4.131578947368421240e+00
3.642857142857142794e+00
3.743589743589743613e+00
3.534883720930232620e+00
3.000000000000000000e+00
3.634146341463414753e+00
3.431818181818181657e+00
3.239130434782608869e+00
3.534883720930232620e+00
3.534883720930232620e+00
4.000000000000000000e+00
3.871794871794871806e+00
3.239130434782608869e+00
3.204545454545454586e+00
3.743589743589743613e+00
2.829787234042553390e+00
2.958333333333333481e+00
3.404761904761904656e+00
3.523809523809523725e+00
3.634146341463414753e+00
3.756097560975609539e+00
3.743589743589743613e+00
3.756097560975609539e+00
3.404761904761904656e+00
2.899999999999999911e+00
3.239130434782608869e+00
3.333333333333333481e+00
3.418604651162790553e+00
4.000000000000000000e+00
3.875000000000000000e+00
3.642857142857142794e+00
3.523809523809523725e+00
2.829787234042553390e+00
2.545454545454545414e+00
3.333333333333333481e+00
3.750000000000000000e+00
3.756097560975609539e+00
3.871794871794871806e+00
2.854166666666666519e+00
3.431818181818181657e+00
2.611111111111111160e+00
4.131578947368421240e+00
3.625000000000000000e+00
2.461538461538461675e+00
3.042553191489361541e+00
3.111111111111111160e+00
3.750000000000000000e+00
3.534883720930232620e+00
4.000000000000000000e+00
3.318181818181818343e+00
3.534883720930232620e+00
4.000000000000000000e+00
3.642857142857142794e+00
3.523809523809523725e+00
3.642857142857142794e+00
3.333333333333333481e+00
3.333333333333333481e+00
3.148936170212766061e+00
3.062500000000000000e+00
2.700000000000000178e+00
3.534883720930232620e+00
2.979591836734694077e+00
3.756097560975609539e+00
4.000000000000000000e+00
2.877551020408163129e+00
3.875000000000000000e+00
2.877551020408163129e+00
3.148936170212766061e+00
3.750000000000000000e+00
3.500000000000000000e+00
3.418604651162790553e+00
3.756097560975609539e+00
2.636363636363636243e+00
3.062500000000000000e+00
3.534883720930232620e+00
3.756097560975609539e+00
3.021739130434782705e+00
3.111111111111111160e+00
2.953488372093023173e+00
3.239130434782608869e+00
2.750000000000000000e+00
3.239130434782608869e+00
3.239130434782608869e+00
3.239130434782608869e+00
3.148936170212766061e+00
3.148936170212766061e+00
3.534883720930232620e+00
2.611111111111111160e+00
3.642857142857142794e+00
3.431818181818181657e+00
3.000000000000000000e+00
2.269230769230769162e+00
3.130434782608695787e+00
2.888888888888888840e+00
3.130434782608695787e+00
3.239130434782608869e+00
3.404761904761904656e+00
3.642857142857142794e+00
4.131578947368421240e+00
3.204545454545454586e+00
3.204545454545454586e+00
3.534883720930232620e+00
2.977272727272727071e+00
3.239130434782608869e+00
3.404761904761904656e+00
2.750000000000000000e+00
2.653846153846153744e+00
2.673469387755102122e+00
2.804347826086956541e+00
2.936170212765957466e+00
2.000000000000000000e+00
2.936170212765957466e+00
3.318181818181818343e+00
2.700000000000000178e+00
2.725490196078431460e+00
3.318181818181818343e+00
3.318181818181818343e+00
2.510638297872340274e+00
4.000000000000000000e+00
3.634146341463414753e+00
3.148936170212766061e+00
3.642857142857142794e+00
3.642857142857142794e+00
2.584905660377358583e+00
2.854166666666666519e+00
2.627450980392156854e+00
2.979591836734694077e+00
3.404761904761904656e+00
3.642857142857142794e+00
3.875000000000000000e+00
3.431818181818181657e+00
1.777777777777777679e+00
3.534883720930232620e+00
2.775510204081632626e+00
2.700000000000000178e+00
3.062500000000000000e+00
3.318181818181818343e+00
2.936170212765957466e+00
4.000000000000000000e+00
3.756097560975609539e+00
2.877551020408163129e+00
4.000000000000000000e+00
3.534883720930232620e+00
4.131578947368421240e+00
3.512195121951219523e+00
3.302325581395348930e+00
4.000000000000000000e+00
3.875000000000000000e+00
3.534883720930232620e+00
2.979591836734694077e+00
4.131578947368421240e+00
4.270270270270270174e+00
3.130434782608695787e+00
3.750000000000000000e+00
3.523809523809523725e+00
4.270270270270270174e+00
3.062500000000000000e+00
4.131578947368421240e+00
3.534883720930232620e+00
3.302325581395348930e+00
3.750000000000000000e+00
3.239130434782608869e+00
4.131578947368421240e+00
3.021739130434782705e+00
3.390243902439024293e+00
2.979591836734694077e+00
3.333333333333333481e+00
3.534883720930232620e+00
2.804347826086956541e+00
2.823529411764706065e+00
3.756097560975609539e+00
3.239130434782608869e+00
2.854166666666666519e+00
3.302325581395348930e+00
4.000000000000000000e+00
3.534883720930232620e+00
4.000000000000000000e+00
3.302325581395348930e+00
3.756097560975609539e+00
4.000000000000000000e+00
2.854166666666666519e+00
2.545454545454545414e+00
3.642857142857142794e+00
2.617021276595744794e+00
3.333333333333333481e+00
3.062500000000000000e+00
2.725490196078431460e+00
3.642857142857142794e+00
4.270270270270270174e+00
2.829787234042553390e+00
3.222222222222222321e+00
3.042553191489361541e+00
4.131578947368421240e+00
2.799999999999999822e+00
3.634146341463414753e+00
2.936170212765957466e+00
3.204545454545454586e+00
3.148936170212766061e+00
4.000000000000000000e+00
3.523809523809523725e+00
3.204545454545454586e+00
4.000000000000000000e+00
3.534883720930232620e+00
3.111111111111111160e+00
3.875000000000000000e+00
3.431818181818181657e+00
3.534883720930232620e+00
2.936170212765957466e+00
2.799999999999999822e+00
2.557692307692307487e+00
3.148936170212766061e+00
3.302325581395348930e+00
3.875000000000000000e+00
4.131578947368421240e+00
3.875000000000000000e+00
3.431818181818181657e+00
3.111111111111111160e+00
2.854166666666666519e+00
2.854166666666666519e+00
2.936170212765957466e+00
4.000000000000000000e+00
3.148936170212766061e+00
3.875000000000000000e+00
3.111111111111111160e+00
3.642857142857142794e+00
3.634146341463414753e+00
3.642857142857142794e+00
3.130434782608695787e+00
3.204545454545454586e+00
3.000000000000000000e+00
3.875000000000000000e+00
2.899999999999999911e+00
2.545454545454545414e+00
3.239130434782608869e+00
2.584905660377358583e+00
3.204545454545454586e+00
3.634146341463414753e+00
4.131578947368421240e+00
3.431818181818181657e+00
3.534883720930232620e+00
3.431818181818181657e+00
3.534883720930232620e+00
3.756097560975609539e+00
3.042553191489361541e+00
3.634146341463414753e+00
3.222222222222222321e+00
3.318181818181818343e+00
3.642857142857142794e+00
3.239130434782608869e+00
3.875000000000000000e+00
3.333333333333333481e+00
2.399999999999999911e+00
3.756097560975609539e+00
4.000000000000000000e+00
2.899999999999999911e+00
4.000000000000000000e+00
4.131578947368421240e+00
3.634146341463414753e+00
3.431818181818181657e+00
3.042553191489361541e+00
3.875000000000000000e+00
2.301886792452830122e+00
3.302325581395348930e+00
3.756097560975609539e+00
3.642857142857142794e+00
3.148936170212766061e+00
2.899999999999999911e+00
3.534883720930232620e+00
4.000000000000000000e+00
3.756097560975609539e+00
3.148936170212766061e+00
3.634146341463414753e+00
3.148936170212766061e+00
3.756097560975609539e+00
3.239130434782608869e+00
3.062500000000000000e+00
3.523809523809523725e+00
3.204545454545454586e+00
3.756097560975609539e+00
3.875000000000000000e+00
2.979591836734694077e+00
4.270270270270270174e+00
3.534883720930232620e+00
4.000000000000000000e+00
2.695652173913043459e+00
3.069767441860465240e+00
3.875000000000000000e+00
2.725490196078431460e+00
2.775510204081632626e+00
3.431818181818181657e+00
3.875000000000000000e+00
3.756097560975609539e+00
3.642857142857142794e+00
3.431818181818181657e+00
2.877551020408163129e+00
3.404761904761904656e+00
3.431818181818181657e+00
4.000000000000000000e+00
2.611111111111111160e+00
4.000000000000000000e+00
3.021739130434782705e+00
2.617021276595744794e+00
3.333333333333333481e+00
3.431818181818181657e+00
4.131578947368421240e+00
4.000000000000000000e+00
2.301886792452830122e+00
2.936170212765957466e+00
3.512195121951219523e+00
3.756097560975609539e+00
2.541666666666666519e+00
3.111111111111111160e+00
3.333333333333333481e+00
3.418604651162790553e+00
3.642857142857142794e+00
3.875000000000000000e+00
4.000000000000000000e+00
2.775510204081632626e+00
2.823529411764706065e+00
3.534883720930232620e+00
3.756097560975609539e+00
3.431818181818181657e+00
2.653846153846153744e+00
3.418604651162790553e+00
3.875000000000000000e+00
4.131578947368421240e+00
3.756097560975609539e+00
3.534883720930232620e+00
4.000000000000000000e+00
3.222222222222222321e+00
4.270270270270270174e+00
3.534883720930232620e+00
3.642857142857142794e+00
3.333333333333333481e+00
3.743589743589743613e+00
3.642857142857142794e+00
3.404761904761904656e+00
3.302325581395348930e+00
3.875000000000000000e+00
2.611111111111111160e+00
4.000000000000000000e+00
3.625000000000000000e+00
3.756097560975609539e+00
3.534883720930232620e+00
3.642857142857142794e+00
3.404761904761904656e+00
3.868421052631578760e+00
3.756097560975609539e+00
3.756097560975609539e+00
2.529411764705882248e+00
3.756097560975609539e+00
3.512195121951219523e+00
3.642857142857142794e+00
3.431818181818181657e+00
2.936170212765957466e+00
3.756097560975609539e+00
3.756097560975609539e+00
4.000000000000000000e+00
4.270270270270270174e+00
2.557692307692307487e+00
3.431818181818181657e+00
3.404761904761904656e+00
3.642857142857142794e+00
4.000000000000000000e+00
3.756097560975609539e+00
3.875000000000000000e+00
2.823529411764706065e+00
3.500000000000000000e+00
4.000000000000000000e+00
3.534883720930232620e+00
3.756097560975609539e+00
3.512195121951219523e+00
2.854166666666666519e+00
2.750000000000000000e+00
3.333333333333333481e+00
3.875000000000000000e+00
2.125000000000000000e+00
3.871794871794871806e+00
3.642857142857142794e+00
4.135135135135135087e+00
3.534883720930232620e+00
3.534883720930232620e+00
3.222222222222222321e+00
3.875000000000000000e+00
3.534883720930232620e+00
4.131578947368421240e+00
4.000000000000000000e+00
4.000000000000000000e+00
4.000000000000000000e+00
3.186046511627906863e+00
3.534883720930232620e+00
2.070175438596491446e+00
3.431818181818181657e+00
2.863636363636363757e+00
4.000000000000000000e+00
4.000000000000000000e+00
3.750000000000000000e+00
4.270270270270270174e+00
4.000000000000000000e+00
3.523809523809523725e+00
4.000000000000000000e+00
2.229166666666666519e+00
2.365384615384615419e+00
3.875000000000000000e+00
2.936170212765957466e+00
3.239130434782608869e+00
