-1.294999999999999929e+00
-1.114999999999999991e+00
-1.235000000000000098e+00
-1.489999999999999991e+00
-1.084999999999999964e+00
-1.094999999999999973e+00
-1.169999999999999929e+00
-8.974358974358974672e-01
-1.064999999999999947e+00
-7.767857142857143016e-01
-1.110000000000000098e+00
-3.916349809885931732e-01
-1.104999999999999982e+00
-8.940464177598385076e-01
-6.540178571428570953e-01
-7.954866008462623261e-01
-8.422090729783037188e-01
-1.054999999999999938e+00
-8.880597014925373234e-01
-6.643109540636041865e-01
-5.121951219512195230e-01
-1.195000000000000062e+00
-5.274390243902439268e-01
-8.022598870056497633e-01
-1.104999999999999982e+00
-6.692607003891050121e-01
-1.159999999999999920e+00
-7.523809523809523725e-01
-3.409090909090908839e-02
-1.129999999999999893e+00
-5.304568527918781529e-01
-2.173913043478260809e-02
-6.287128712871287162e-01
-3.653846153846153633e-01
-1.114999999999999991e+00
-7.565922920892494963e-01
-5.646437994722954823e-01
-6.368715083798882626e-01
-1.100000000000000089e+00
-7.156398104265402349e-01
-4.677871148459383788e-01
-7.435897435897436125e-01
-8.064085447263017459e-01
-4.331395348837209225e-01
-5.312500000000000000e-01
-7.125256673511293215e-01
-3.560606060606060774e-01
-1.145000000000000018e+00
-1.949152542372881436e-01
-8.905109489051095117e-01
-3.223443223443223649e-01
-1.034999999999999920e+00
-6.774193548387096309e-01
-9.535962877030161877e-01
-1.080000000000000071e+00
-1.189999999999999947e+00
-2.152466367713004591e-01
-5.842696629213482984e-01
-1.060000000000000053e+00
-3.097014925373134386e-01
-4.722222222222222099e-01
-4.057377049180327933e-01
-6.675531914893616525e-01
-3.526785714285714524e-01
7.567567567567567988e-01
-3.346774193548386900e-01
-1.975308641975308532e-01
-1.054999999999999938e+00
1.000000000000000000e+00
-4.518272425249169610e-01
3.541666666666666852e-01
-4.631901840490797451e-01
-5.731707317073170271e-01
3.356164383561643927e-01
-4.660194174757281704e-01
-3.874172185430463378e-01
6.525423728813559698e-01
-1.064999999999999947e+00
2.847222222222222099e-01
5.983606557377049162e-01
-5.468750000000000000e-01
9.499999999999999556e-01
-8.018867924528301494e-02
8.938547486033519840e-02
-1.402714932126696845e-01
1.407407407407407440e+00
-6.344647519582244932e-01
1.241379310344827624e+00
1.031250000000000000e+00
8.055555555555555802e-01
1.267605633802816878e-01
9.072164948453608213e-01
-2.382812500000000000e-01
1.746478873239436513e+00
1.087912087912087822e+00
-4.498381877022653574e-01
1.399999999999999911e+00
2.627450980392156854e+00
2.220338983050847315e+00
8.024691358024690913e-02
6.557377049180328210e-02
-1.125000000000000000e+00
8.811881188118811936e-01
1.966101694915254328e+00
1.851851851851851749e-02
8.396226415094339979e-01
-1.114999999999999991e+00
1.890625000000000000e+00
-5.339805825242718157e-02
-4.522613065326633319e-02
1.868852459016393519e+00
1.074468085106383031e+00
1.407407407407407440e+00
-7.821229050279329686e-02
-3.897637795275590289e-01
3.062500000000000000e+00
8.229166666666666297e-01
2.949640287769784153e-01
2.979591836734694077e+00
1.394366197183098510e+00
1.954545454545454586e+00
2.899999999999999911e+00
1.671232876712328785e+00
2.189655172413793149e+00
1.605633802816901490e+00
1.434210526315789380e+00
2.245614035087719174e+00
3.642857142857142794e+00
3.642857142857142794e+00
3.204545454545454586e+00
9.897959183673469274e-01
3.431818181818181657e+00
2.611111111111111160e+00
3.756097560975609539e+00
4.000000000000000000e+00
2.645833333333333481e+00
-9.305555555555555802e-01
3.204545454545454586e+00
3.042553191489361541e+00
3.333333333333333481e+00
2.627450980392156854e+00
3.750000000000000000e+00
3.756097560975609539e+00
3.333333333333333481e+00
4.000000000000000000e+00
3.431818181818181657e+00
3.222222222222222321e+00
2.113207547169811296e+00
3.534883720930232620e+00
3.534883720930232620e+00
2.725490196078431460e+00
3.302325581395348930e+00
2.700000000000000178e+00
2.775510204081632626e+00
4.131578947368421240e+00
3.204545454545454586e+00
3.148936170212766061e+00
4.000000000000000000e+00
3.431818181818181657e+00
3.148936170212766061e+00
4.000000000000000000e+00
4.000000000000000000e+00
2.777777777777777679e+00
3.204545454545454586e+00
3.333333333333333481e+00
2.977272727272727071e+00
2.829787234042553390e+00
3.487179487179487225e+00
3.875000000000000000e+00
3.756097560975609539e+00
3.756097560975609539e+00
3.431818181818181657e+00
3.021739130434782705e+00
3.204545454545454586e+00
3.431818181818181657e+00
3.875000000000000000e+00
2.958333333333333481e+00
3.875000000000000000e+00
3.166666666666666519e+00
3.875000000000000000e+00
4.000000000000000000e+00
3.239130434782608869e+00
2.936170212765957466e+00
4.000000000000000000e+00
3.642857142857142794e+00
3.875000000000000000e+00
3.204545454545454586e+00
4.000000000000000000e+00
3.021739130434782705e+00
2.055555555555555358e+00
3.062500000000000000e+00
3.111111111111111160e+00
3.204545454545454586e+00
3.204545454545454586e+00
2.500000000000000000e+00
3.534883720930232620e+00
4.131578947368421240e+00
3.534883720930232620e+00
3.512195121951219523e+00
2.750000000000000000e+00
3.642857142857142794e+00
3.148936170212766061e+00
3.042553191489361541e+00
3.204545454545454586e+00
3.333333333333333481e+00
3.148936170212766061e+00
2.936170212765957466e+00
4.131578947368421240e+00
3.534883720930232620e+00
2.557692307692307487e+00
3.302325581395348930e+00
3.431818181818181657e+00
3.404761904761904656e+00
3.318181818181818343e+00
4.000000000000000000e+00
4.000000000000000000e+00
3.021739130434782705e+00
3.523809523809523725e+00
3.875000000000000000e+00
3.534883720930232620e+00
2.936170212765957466e+00
4.000000000000000000e+00
3.418604651162790553e+00
3.534883720930232620e+00
3.239130434782608869e+00
2.829787234042553390e+00
3.239130434782608869e+00
3.756097560975609539e+00
4.270270270270270174e+00
3.148936170212766061e+00
2.888888888888888840e+00
2.482142857142857206e+00
4.270270270270270174e+00
3.534883720930232620e+00
2.979591836734694077e+00
3.534883720930232620e+00
3.318181818181818343e+00
3.642857142857142794e+00
3.642857142857142794e+00
2.617021276595744794e+00
4.000000000000000000e+00
3.756097560975609539e+00
3.431818181818181657e+00
3.756097560975609539e+00
3.148936170212766061e+00
3.333333333333333481e+00
3.186046511627906863e+00
3.186046511627906863e+00
2.584905660377358583e+00
2.723404255319148870e+00
3.062500000000000000e+00
3.431818181818181657e+00
3.062500000000000000e+00
3.333333333333333481e+00
4.000000000000000000e+00
3.534883720930232620e+00
3.512195121951219523e+00
2.899999999999999911e+00
3.534883720930232620e+00
3.534883720930232620e+00
2.700000000000000178e+00
4.131578947368421240e+00
4.131578947368421240e+00
4.270270270270270174e+00
3.302325581395348930e+00
8.333333333333333703e-01
2.899999999999999911e+00
4.131578947368421240e+00
3.875000000000000000e+00
4.000000000000000000e+00
2.700000000000000178e+00
3.302325581395348930e+00
3.318181818181818343e+00
3.302325581395348930e+00
3.431818181818181657e+00
2.979591836734694077e+00
3.204545454545454586e+00
4.000000000000000000e+00
4.000000000000000000e+00
4.000000000000000000e+00
3.148936170212766061e+00
3.062500000000000000e+00
3.418604651162790553e+00
3.318181818181818343e+00
2.750000000000000000e+00
4.000000000000000000e+00
4.131578947368421240e+00
3.875000000000000000e+00
3.512195121951219523e+00
3.642857142857142794e+00
3.534883720930232620e+00
3.418604651162790553e+00
2.700000000000000178e+00
2.979591836734694077e+00
3.756097560975609539e+00
3.042553191489361541e+00
3.431818181818181657e+00
2.854166666666666519e+00
3.743589743589743613e+00
4.000000000000000000e+00
3.642857142857142794e+00
3.534883720930232620e+00
4.000000000000000000e+00
4.000000000000000000e+00
4.000000000000000000e+00
4.131578947368421240e+00
3.756097560975609539e+00
3.021739130434782705e+00
2.823529411764706065e+00
3.875000000000000000e+00
3.642857142857142794e+00
3.875000000000000000e+00
2.557692307692307487e+00
3.534883720930232620e+00
2.750000000000000000e+00
4.270270270270270174e+00
3.512195121951219523e+00
2.454545454545454586e+00
2.586956521739130377e+00
2.584905660377358583e+00
3.756097560975609539e+00
2.888888888888888840e+00
2.958333333333333481e+00
4.000000000000000000e+00
3.875000000000000000e+00
3.285714285714285587e+00
3.111111111111111160e+00
2.958333333333333481e+00
3.111111111111111160e+00
3.642857142857142794e+00
3.021739130434782705e+00
4.131578947368421240e+00
3.062500000000000000e+00
4.000000000000000000e+00
3.239130434782608869e+00
4.000000000000000000e+00
4.000000000000000000e+00
4.270270270270270174e+00
3.756097560975609539e+00
3.642857142857142794e+00
3.756097560975609539e+00
3.875000000000000000e+00
3.148936170212766061e+00
3.625000000000000000e+00
3.418604651162790553e+00
2.431372549019607643e+00
3.000000000000000000e+00
3.756097560975609539e+00
2.000000000000000000e+00
3.512195121951219523e+00
2.723404255319148870e+00
2.269230769230769162e+00
2.700000000000000178e+00
3.523809523809523725e+00
3.111111111111111160e+00
3.222222222222222321e+00
3.642857142857142794e+00
3.404761904761904656e+00
4.000000000000000000e+00
3.750000000000000000e+00
3.756097560975609539e+00
3.239130434782608869e+00
4.000000000000000000e+00
3.512195121951219523e+00
2.700000000000000178e+00
3.756097560975609539e+00
2.775510204081632626e+00
4.270270270270270174e+00
3.000000000000000000e+00
3.750000000000000000e+00
2.571428571428571619e+00
3.148936170212766061e+00
3.756097560975609539e+00
3.130434782608695787e+00
2.958333333333333481e+00
3.534883720930232620e+00
2.250000000000000000e+00
3.875000000000000000e+00
4.000000000000000000e+00
3.431818181818181657e+00
3.756097560975609539e+00
2.775510204081632626e+00
3.512195121951219523e+00
2.529411764705882248e+00
3.239130434782608869e+00
4.000000000000000000e+00
3.750000000000000000e+00
3.743589743589743613e+00
3.642857142857142794e+00
3.222222222222222321e+00
3.743589743589743613e+00
4.131578947368421240e+00
2.035714285714285587e+00
3.534883720930232620e+00
2.958333333333333481e+00
3.318181818181818343e+00
4.000000000000000000e+00
3.418604651162790553e+00
2.979591836734694077e+00
3.404761904761904656e+00
2.571428571428571619e+00
2.301886792452830122e+00
2.673469387755102122e+00
2.863636363636363757e+00
4.131578947368421240e+00
3.642857142857142794e+00
3.111111111111111160e+00
3.871794871794871806e+00
4.270270270270270174e+00
3.642857142857142794e+00
2.775510204081632626e+00
4.000000000000000000e+00
2.804347826086956541e+00
3.318181818181818343e+00
3.634146341463414753e+00
3.642857142857142794e+00
3.333333333333333481e+00
2.050847457627118509e+00
2.936170212765957466e+00
3.390243902439024293e+00
3.534883720930232620e+00
3.875000000000000000e+00
3.333333333333333481e+00
3.431818181818181657e+00
3.404761904761904656e+00
3.756097560975609539e+00
3.756097560975609539e+00
3.111111111111111160e+00
3.239130434782608869e+00
3.534883720930232620e+00
4.000000000000000000e+00
3.431818181818181657e+00
3.756097560975609539e+00
4.000000000000000000e+00
3.512195121951219523e+00
3.302325581395348930e+00
2.362068965517241548e+00
3.875000000000000000e+00
3.625000000000000000e+00
4.131578947368421240e+00
2.500000000000000000e+00
3.204545454545454586e+00
4.270270270270270174e+00
3.642857142857142794e+00
4.270270270270270174e+00
3.875000000000000000e+00
3.875000000000000000e+00
2.700000000000000178e+00
3.634146341463414753e+00
3.875000000000000000e+00
3.534883720930232620e+00
3.204545454545454586e+00
3.268292682926829062e+00
2.823529411764706065e+00
3.534883720930232620e+00
3.625000000000000000e+00
4.270270270270270174e+00
2.529411764705882248e+00
3.534883720930232620e+00
3.875000000000000000e+00
3.625000000000000000e+00
4.131578947368421240e+00
2.431372549019607643e+00
3.756097560975609539e+00
4.131578947368421240e+00
3.642857142857142794e+00
3.868421052631578760e+00
3.534883720930232620e+00
3.431818181818181657e+00
3.333333333333333481e+00
3.756097560975609539e+00
3.642857142857142794e+00
3.021739130434782705e+00
3.512195121951219523e+00
3.431818181818181657e+00
3.642857142857142794e+00
3.204545454545454586e+00
3.534883720930232620e+00
3.625000000000000000e+00
3.534883720930232620e+00
3.239130434782608869e+00
3.239130434782608869e+00
3.318181818181818343e+00
4.000000000000000000e+00
4.000000000000000000e+00
2.936170212765957466e+00
2.725490196078431460e+00
2.545454545454545414e+00
2.431372549019607643e+00
3.130434782608695787e+00
2.979591836734694077e+00
3.500000000000000000e+00
3.875000000000000000e+00
3.239130434782608869e+00
4.270270270270270174e+00
2.877551020408163129e+00
3.875000000000000000e+00
3.021739130434782705e+00
3.875000000000000000e+00
3.756097560975609539e+00
2.627450980392156854e+00
3.204545454545454586e+00
3.642857142857142794e+00
3.239130434782608869e+00
3.642857142857142794e+00
3.534883720930232620e+00
3.431818181818181657e+00
3.431818181818181657e+00
3.875000000000000000e+00
2.823529411764706065e+00
2.899999999999999911e+00
3.404761904761904656e+00
3.875000000000000000e+00
3.875000000000000000e+00
3.111111111111111160e+00
3.523809523809523725e+00
3.431818181818181657e+00
2.829787234042553390e+00
3.431818181818181657e+00
3.642857142857142794e+00
3.021739130434782705e+00
3.021739130434782705e+00
3.875000000000000000e+00
3.318181818181818343e+00
2.750000000000000000e+00
4.000000000000000000e+00
3.333333333333333481e+00
2.977272727272727071e+00
3.756097560975609539e+00
2.823529411764706065e+00
2.799999999999999822e+00
2.899999999999999911e+00
3.062500000000000000e+00
3.534883720930232620e+00
4.000000000000000000e+00
2.823529411764706065e+00
3.625000000000000000e+00
3.318181818181818343e+00
3.431818181818181657e+00
4.000000000000000000e+00
3.756097560975609539e+00
2.877551020408163129e+00
3.756097560975609539e+00
3.222222222222222321e+00
2.584905660377358583e+00
2.365384615384615419e+00
2.958333333333333481e+00
3.534883720930232620e+00
2.679245283018867774e+00
3.431818181818181657e+00
3.418604651162790553e+00
3.534883720930232620e+00
2.775510204081632626e+00
3.318181818181818343e+00
3.239130434782608869e+00
3.302325581395348930e+00
4.000000000000000000e+00
3.021739130434782705e+00
3.534883720930232620e+00
3.431818181818181657e+00
3.625000000000000000e+00
4.000000000000000000e+00
3.642857142857142794e+00
3.756097560975609539e+00
2.500000000000000000e+00
4.000000000000000000e+00
3.512195121951219523e+00
3.756097560975609539e+00
3.512195121951219523e+00
3.318181818181818343e+00
3.512195121951219523e+00
3.062500000000000000e+00
3.239130434782608869e+00
4.270270270270270174e+00
3.418604651162790553e+00
3.404761904761904656e+00
3.204545454545454586e+00
2.775510204081632626e+00
3.111111111111111160e+00
3.021739130434782705e+00
4.000000000000000000e+00
3.523809523809523725e+00
3.642857142857142794e+00
3.534883720930232620e+00
3.534883720930232620e+00
4.131578947368421240e+00
3.302325581395348930e+00
3.431818181818181657e+00
3.756097560975609539e+00
3.868421052631578760e+00
3.756097560975609539e+00
3.431818181818181657e+00
3.333333333333333481e+00
3.875000000000000000e+00
2.510638297872340274e+00
4.270270270270270174e+00
3.239130434782608869e+00
3.642857142857142794e+00
3.756097560975609539e+00
3.239130434782608869e+00
3.534883720930232620e+00
3.302325581395348930e+00
4.000000000000000000e+00
3.534883720930232620e+00
4.131578947368421240e+00
3.042553191489361541e+00
4.131578947368421240e+00
3.756097560975609539e+00
3.534883720930232620e+00
2.837209302325581550e+00
3.333333333333333481e+00
3.642857142857142794e+00
3.642857142857142794e+00
3.431818181818181657e+00
3.333333333333333481e+00
3.534883720930232620e+00
3.404761904761904656e+00
3.148936170212766061e+00
3.333333333333333481e+00
3.523809523809523725e+00
3.875000000000000000e+00
3.431818181818181657e+00
4.000000000000000000e+00
3.148936170212766061e+00
2.275862068965517349e+00
3.090909090909090828e+00
3.756097560975609539e+00
3.431818181818181657e+00
4.270270270270270174e+00
3.875000000000000000e+00
2.804347826086956541e+00
2.775510204081632626e+00
3.130434782608695787e+00
3.404761904761904656e+00
3.642857142857142794e+00
3.642857142857142794e+00
2.541666666666666519e+00
3.642857142857142794e+00
4.131578947368421240e+00
3.871794871794871806e+00
3.418604651162790553e+00
2.877551020408163129e+00
3.642857142857142794e+00
3.642857142857142794e+00
3.390243902439024293e+00
3.204545454545454586e+00
2.979591836734694077e+00
3.625000000000000000e+00
3.333333333333333481e+00
4.131578947368421240e+00
3.186046511627906863e+00
2.454545454545454586e+00
4.131578947368421240e+00
2.679245283018867774e+00
3.756097560975609539e+00
4.270270270270270174e+00
3.204545454545454586e+00
3.642857142857142794e+00
3.333333333333333481e+00
2.979591836734694077e+00
3.534883720930232620e+00
3.431818181818181657e+00
3.534883720930232620e+00
2.700000000000000178e+00
3.000000000000000000e+00
2.899999999999999911e+00
3.021739130434782705e+00
3.756097560975609539e+00
4.270270270270270174e+00
3.148936170212766061e+00
3.239130434782608869e+00
2.854166666666666519e+00
4.270270270270270174e+00
3.875000000000000000e+00
4.000000000000000000e+00
2.461538461538461675e+00
3.431818181818181657e+00
2.888888888888888840e+00
3.431818181818181657e+00
2.392857142857142794e+00
3.642857142857142794e+00
3.302325581395348930e+00
4.000000000000000000e+00
3.021739130434782705e+00
2.823529411764706065e+00
3.534883720930232620e+00
3.743589743589743613e+00
3.431818181818181657e+00
3.204545454545454586e+00
3.750000000000000000e+00
3.222222222222222321e+00
2.301886792452830122e+00
3.756097560975609539e+00
3.875000000000000000e+00
3.642857142857142794e+00
3.204545454545454586e+00
3.318181818181818343e+00
3.302325581395348930e+00
2.799999999999999822e+00
3.148936170212766061e+00
4.000000000000000000e+00
3.875000000000000000e+00
4.000000000000000000e+00
3.111111111111111160e+00
4.000000000000000000e+00
3.418604651162790553e+00
3.404761904761904656e+00
3.625000000000000000e+00
3.756097560975609539e+00
3.642857142857142794e+00
3.625000000000000000e+00
3.756097560975609539e+00
3.418604651162790553e+00
3.756097560975609539e+00
3.431818181818181657e+00
2.958333333333333481e+00
2.799999999999999822e+00
4.000000000000000000e+00
3.204545454545454586e+00
3.625000000000000000e+00
3.239130434782608869e+00
2.958333333333333481e+00
3.534883720930232620e+00
4.000000000000000000e+00
2.700000000000000178e+00
3.634146341463414753e+00
3.062500000000000000e+00
3.512195121951219523e+00
2.775510204081632626e+00
3.222222222222222321e+00
2.854166666666666519e+00
3.062500000000000000e+00
3.204545454545454586e+00
3.021739130434782705e+00
2.723404255319148870e+00
3.512195121951219523e+00
3.875000000000000000e+00
2.750000000000000000e+00
2.936170212765957466e+00
3.756097560975609539e+00
3.268292682926829062e+00
2.557692307692307487e+00
3.512195121951219523e+00
4.270270270270270174e+00
4.000000000000000000e+00
3.239130434782608869e+00
2.854166666666666519e+00
3.333333333333333481e+00
3.868421052631578760e+00
3.239130434782608869e+00
2.877551020408163129e+00
3.534883720930232620e+00
3.111111111111111160e+00
2.700000000000000178e+00
3.130434782608695787e+00
4.131578947368421240e+00
3.302325581395348930e+00
3.642857142857142794e+00
3.302325581395348930e+00
3.021739130434782705e+00
3.130434782608695787e+00
3.148936170212766061e+00
3.642857142857142794e+00
4.131578947368421240e+00
3.148936170212766061e+00
3.431818181818181657e+00
2.181818181818181657e+00
3.523809523809523725e+00
2.913043478260869623e+00
3.431818181818181657e+00
3.148936170212766061e+00
3.111111111111111160e+00
3.642857142857142794e+00
3.222222222222222321e+00
4.131578947368421240e+00
3.111111111111111160e+00
3.021739130434782705e+00
3.333333333333333481e+00
2.936170212765957466e+00
4.131578947368421240e+00
2.454545454545454586e+00
3.634146341463414753e+00
3.222222222222222321e+00
2.854166666666666519e+00
2.431372549019607643e+00
4.131578947368421240e+00
3.000000000000000000e+00
3.756097560975609539e+00
2.600000000000000089e+00
3.534883720930232620e+00
3.318181818181818343e+00
2.775510204081632626e+00
3.148936170212766061e+00
3.333333333333333481e+00
3.534883720930232620e+00
3.875000000000000000e+00
3.239130434782608869e+00
3.431818181818181657e+00
3.534883720930232620e+00
3.743589743589743613e+00
3.333333333333333481e+00
3.875000000000000000e+00
3.333333333333333481e+00
4.131578947368421240e+00
3.239130434782608869e+00
4.131578947368421240e+00
2.979591836734694077e+00
3.239130434782608869e+00
2.854166666666666519e+00
2.673469387755102122e+00
3.642857142857142794e+00
4.000000000000000000e+00
3.756097560975609539e+00
3.222222222222222321e+00
3.431818181818181657e+00
4.000000000000000000e+00
3.534883720930232620e+00
3.642857142857142794e+00
3.512195121951219523e+00
3.756097560975609539e+00
3.642857142857142794e+00
3.642857142857142794e+00
3.148936170212766061e+00
3.875000000000000000e+00
3.186046511627906863e+00
2.000000000000000000e+00
3.512195121951219523e+00
3.204545454545454586e+00
4.270270270270270174e+00
4.000000000000000000e+00
3.875000000000000000e+00
3.743589743589743613e+00
4.270270270270270174e+00
2.979591836734694077e+00
3.021739130434782705e+00
3.875000000000000000e+00
3.418604651162790553e+00
3.642857142857142794e+00
2.181818181818181657e+00
3.512195121951219523e+00
3.868421052631578760e+00
2.653846153846153744e+00
4.131578947368421240e+00
3.756097560975609539e+00
4.000000000000000000e+00
3.302325581395348930e+00
3.756097560975609539e+00
3.148936170212766061e+00
2.490566037735848948e+00
3.756097560975609539e+00
3.756097560975609539e+00
4.131578947368421240e+00
2.173076923076922906e+00
3.239130434782608869e+00
2.936170212765957466e+00
2.877551020408163129e+00
4.270270270270270174e+00
1.857142857142857206e+00
2.823529411764706065e+00
4.000000000000000000e+00
3.302325581395348930e+00
3.333333333333333481e+00
3.302325581395348930e+00
3.000000000000000000e+00
3.111111111111111160e+00
3.333333333333333481e+00
3.302325581395348930e+00
3.222222222222222321e+00
2.584905660377358583e+00
3.148936170212766061e+00
3.302325581395348930e+00
4.000000000000000000e+00
2.823529411764706065e+00
3.642857142857142794e+00
3.042553191489361541e+00
3.634146341463414753e+00
3.148936170212766061e+00
3.111111111111111160e+00
3.204545454545454586e+00
3.333333333333333481e+00
3.333333333333333481e+00
3.333333333333333481e+00
3.534883720930232620e+00
4.000000000000000000e+00
3.868421052631578760e+00
3.875000000000000000e+00
3.756097560975609539e+00
3.418604651162790553e+00
2.823529411764706065e+00
3.642857142857142794e+00
3.625000000000000000e+00
3.148936170212766061e+00
4.270270270270270174e+00
3.111111111111111160e+00
2.723404255319148870e+00
2.775510204081632626e+00
3.302325581395348930e+00
3.642857142857142794e+00
3.431818181818181657e+00
4.270270270270270174e+00
3.642857142857142794e+00
4.131578947368421240e+00
3.204545454545454586e+00
3.743589743589743613e+00
2.070175438596491446e+00
3.222222222222222321e+00
3.756097560975609539e+00
2.611111111111111160e+00
3.534883720930232620e+00
3.743589743589743613e+00
3.148936170212766061e+00
2.557692307692307487e+00
3.743589743589743613e+00
3.642857142857142794e+00
3.431818181818181657e+00
3.868421052631578760e+00
3.523809523809523725e+00
3.875000000000000000e+00
3.431818181818181657e+00
3.090909090909090828e+00
3.418604651162790553e+00
3.642857142857142794e+00
2.823529411764706065e+00
3.130434782608695787e+00
3.130434782608695787e+00
2.490566037735848948e+00
3.642857142857142794e+00
2.723404255319148870e+00
3.302325581395348930e+00
3.111111111111111160e+00
3.302325581395348930e+00
3.756097560975609539e+00
3.418604651162790553e+00
3.431818181818181657e+00
2.958333333333333481e+00
2.977272727272727071e+00
2.723404255319148870e+00
3.523809523809523725e+00
3.333333333333333481e+00
3.534883720930232620e+00
3.642857142857142794e+00
3.642857142857142794e+00
3.875000000000000000e+00
3.534883720930232620e+00
2.365384615384615419e+00
2.979591836734694077e+00
3.222222222222222321e+00
3.148936170212766061e+00
3.512195121951219523e+00
3.418604651162790553e+00
3.111111111111111160e+00
3.204545454545454586e+00
2.627450980392156854e+00
2.775510204081632626e+00
4.131578947368421240e+00
3.204545454545454586e+00
3.615384615384615419e+00
2.695652173913043459e+00
3.875000000000000000e+00
3.642857142857142794e+00
2.979591836734694077e+00
3.512195121951219523e+00
3.875000000000000000e+00
2.490566037735848948e+00
3.148936170212766061e+00
3.534883720930232620e+00
4.000000000000000000e+00
3.642857142857142794e+00
3.111111111111111160e+00
4.000000000000000000e+00
3.756097560975609539e+00
3.523809523809523725e+00
2.979591836734694077e+00
3.875000000000000000e+00
2.979591836734694077e+00
1.833333333333333259e+00
1.846153846153846256e+00
2.679245283018867774e+00
3.756097560975609539e+00
3.634146341463414753e+00
1.931034482758620774e+00
2.854166666666666519e+00
3.534883720930232620e+00
2.303571428571428381e+00
3.512195121951219523e+00
3.333333333333333481e+00
3.642857142857142794e+00
2.365384615384615419e+00
3.512195121951219523e+00
3.875000000000000000e+00
2.645833333333333481e+00
3.642857142857142794e+00
3.534883720930232620e+00
3.148936170212766061e+00
3.743589743589743613e+00
3.875000000000000000e+00
3.404761904761904656e+00
3.534883720930232620e+00
3.875000000000000000e+00
3.021739130434782705e+00
