-1.479999999999999982e+00
-1.079365079365079305e+00
-1.110000000000000098e+00
-8.943661971830986213e-01
-1.219999999999999973e+00
-8.710433763188745182e-01
-1.245000000000000107e+00
-7.213114754098360892e-01
-5.584725536992840578e-01
-8.460144927536231707e-01
-1.074999999999999956e+00
-1.060000000000000053e+00
-1.084999999999999964e+00
-7.316384180790960201e-01
-7.112211221122112237e-01
-8.659966499162479181e-01
-5.486935866983373433e-01
-7.109207708779443635e-01
-9.000000000000000222e-01
-7.719594594594594295e-01
-1.205000000000000071e+00
-8.636859323882224437e-01
-1.129999999999999893e+00
-1.129999999999999893e+00
-5.562130177514792440e-01
-8.051948051948052409e-01
-3.357933579335793395e-01
-9.586776859504132497e-01
-2.771084337349397630e-01
-7.456279809220985877e-01
-5.942028985507246119e-01
-1.080000000000000071e+00
-1.114999999999999991e+00
-1.070000000000000062e+00
-1.080000000000000071e+00
-1.110000000000000098e+00
-1.185000000000000053e+00
-4.837758112094395213e-01
-1.090000000000000080e+00
-8.566513761467889898e-01
-5.454545454545454142e-01
-7.643593519882179166e-01
-1.000000000000000056e-01
-7.622585438335809371e-01
-1.120000000000000107e+00
-1.054999999999999938e+00
-4.277108433734939652e-01
-6.019108280254776844e-01
-9.076086956521739468e-01
-1.084999999999999964e+00
-8.407643312101911182e-01
-5.174262734584450518e-01
-1.159999999999999920e+00
-3.027888446215139528e-01
3.963963963963963999e-01
5.405405405405405705e-02
-4.281045751633986707e-01
6.382978723404254817e-02
-3.117408906882591091e-01
-5.781250000000000000e-01
-3.793103448275861878e-01
-8.650472334682860476e-01
4.529914529914529919e-01
9.550561797752808724e-02
2.903225806451613100e-01
-1.623036649214659732e-01
-6.432748538011695549e-02
4.015151515151514916e-01
-8.033126293995859202e-01
-3.392857142857143016e-01
-2.828685258964143689e-01
7.452830188679244738e-01
2.580645161290322509e-01
2.631578947368420907e-02
6.228070175438596978e-01
-4.424460431654676507e-01
-1.810344827586206906e-01
3.932584269662921239e-02
-1.054999999999999938e+00
-2.500000000000000000e-01
-9.070247933884297842e-01
6.228070175438596978e-01
5.983606557377049162e-01
-8.483146067415729963e-01
9.117647058823529216e-01
-7.960199004975124226e-02
2.162162162162162282e-01
1.202380952380952328e+00
1.190476190476190410e-02
6.557377049180328210e-02
-1.142857142857142821e-01
-8.816234498308906931e-01
-2.909090909090908950e-01
-1.080000000000000071e+00
-9.316508937960041870e-01
-1.114999999999999991e+00
-1.020000000000000018e+00
-1.060000000000000053e+00
-1.030000000000000027e+00
-1.084999999999999964e+00
-8.414496036240091126e-01
-7.482014388489208745e-01
-4.701086956521738913e-01
5.476190476190476719e-01
-2.971887550200802974e-01
5.200000000000000178e-01
1.241379310344827624e+00
1.399999999999999911e+00
2.305084745762711940e+00
2.679245283018867774e+00
1.803030303030302983e+00
2.545454545454545414e+00
2.015873015873015817e+00
1.010869565217391353e+00
-6.714579055441478594e-01
2.979591836734694077e+00
1.573529411764705843e+00
4.000000000000000000e+00
2.571428571428571619e+00
3.302325581395348930e+00
3.239130434782608869e+00
3.431818181818181657e+00
1.222222222222222321e+00
3.062500000000000000e+00
3.534883720930232620e+00
3.625000000000000000e+00
3.756097560975609539e+00
2.586956521739130377e+00
4.000000000000000000e+00
3.534883720930232620e+00
3.642857142857142794e+00
2.877551020408163129e+00
3.743589743589743613e+00
3.750000000000000000e+00
2.799999999999999822e+00
3.318181818181818343e+00
3.239130434782608869e+00
3.534883720930232620e+00
3.333333333333333481e+00
3.148936170212766061e+00
3.875000000000000000e+00
3.186046511627906863e+00
3.239130434782608869e+00
3.743589743589743613e+00
3.871794871794871806e+00
2.854166666666666519e+00
3.625000000000000000e+00
3.523809523809523725e+00
2.979591836734694077e+00
3.642857142857142794e+00
2.500000000000000000e+00
3.534883720930232620e+00
3.625000000000000000e+00
4.000000000000000000e+00
2.333333333333333481e+00
3.021739130434782705e+00
2.627450980392156854e+00
3.642857142857142794e+00
2.301886792452830122e+00
3.523809523809523725e+00
3.625000000000000000e+00
4.000000000000000000e+00
3.756097560975609539e+00
3.534883720930232620e+00
2.823529411764706065e+00
3.625000000000000000e+00
2.518518518518518601e+00
3.404761904761904656e+00
4.000000000000000000e+00
3.523809523809523725e+00
3.222222222222222321e+00
3.534883720930232620e+00
3.512195121951219523e+00
3.743589743589743613e+00
3.404761904761904656e+00
3.642857142857142794e+00
3.404761904761904656e+00
3.743589743589743613e+00
3.625000000000000000e+00
3.239130434782608869e+00
3.625000000000000000e+00
3.756097560975609539e+00
2.700000000000000178e+00
3.642857142857142794e+00
2.235294117647058876e+00
4.131578947368421240e+00
3.431818181818181657e+00
3.756097560975609539e+00
3.875000000000000000e+00
4.000000000000000000e+00
3.875000000000000000e+00
4.270270270270270174e+00
3.756097560975609539e+00
3.285714285714285587e+00
4.000000000000000000e+00
3.750000000000000000e+00
4.000000000000000000e+00
4.131578947368421240e+00
3.333333333333333481e+00
3.756097560975609539e+00
3.333333333333333481e+00
3.642857142857142794e+00
3.625000000000000000e+00
3.333333333333333481e+00
3.875000000000000000e+00
3.871794871794871806e+00
4.131578947368421240e+00
3.625000000000000000e+00
3.875000000000000000e+00
3.318181818181818343e+00
3.021739130434782705e+00
4.000000000000000000e+00
3.222222222222222321e+00
3.512195121951219523e+00
3.875000000000000000e+00
4.270270270270270174e+00
3.756097560975609539e+00
3.750000000000000000e+00
3.634146341463414753e+00
3.534883720930232620e+00
3.534883720930232620e+00
2.095238095238095344e+00
2.958333333333333481e+00
2.571428571428571619e+00
4.270270270270270174e+00
3.743589743589743613e+00
3.875000000000000000e+00
2.529411764705882248e+00
3.534883720930232620e+00
3.756097560975609539e+00
3.404761904761904656e+00
3.534883720930232620e+00
2.500000000000000000e+00
2.272727272727272929e+00
3.418604651162790553e+00
3.642857142857142794e+00
3.130434782608695787e+00
3.642857142857142794e+00
3.318181818181818343e+00
3.404761904761904656e+00
3.148936170212766061e+00
4.000000000000000000e+00
3.431818181818181657e+00
3.204545454545454586e+00
4.000000000000000000e+00
3.512195121951219523e+00
3.268292682926829062e+00
4.000000000000000000e+00
3.875000000000000000e+00
3.130434782608695787e+00
3.534883720930232620e+00
3.875000000000000000e+00
4.000000000000000000e+00
3.204545454545454586e+00
3.634146341463414753e+00
4.000000000000000000e+00
4.000000000000000000e+00
3.333333333333333481e+00
3.222222222222222321e+00
3.000000000000000000e+00
2.645833333333333481e+00
3.642857142857142794e+00
3.642857142857142794e+00
4.270270270270270174e+00
3.512195121951219523e+00
2.148148148148148362e+00
3.021739130434782705e+00
3.642857142857142794e+00
1.151162790697674465e+00
3.875000000000000000e+00
3.534883720930232620e+00
3.390243902439024293e+00
3.512195121951219523e+00
2.297872340425532123e+00
3.404761904761904656e+00
3.431818181818181657e+00
3.431818181818181657e+00
3.000000000000000000e+00
3.743589743589743613e+00
2.936170212765957466e+00
4.131578947368421240e+00
2.936170212765957466e+00
3.534883720930232620e+00
4.131578947368421240e+00
4.000000000000000000e+00
4.000000000000000000e+00
3.062500000000000000e+00
4.270270270270270174e+00
3.868421052631578760e+00
2.557692307692307487e+00
3.534883720930232620e+00
4.131578947368421240e+00
3.625000000000000000e+00
2.936170212765957466e+00
3.642857142857142794e+00
2.799999999999999822e+00
3.431818181818181657e+00
3.431818181818181657e+00
3.875000000000000000e+00
4.270270270270270174e+00
3.404761904761904656e+00
3.756097560975609539e+00
4.000000000000000000e+00
3.642857142857142794e+00
3.148936170212766061e+00
3.756097560975609539e+00
3.534883720930232620e+00
3.642857142857142794e+00
2.936170212765957466e+00
3.642857142857142794e+00
2.928571428571428381e+00
4.270270270270270174e+00
3.148936170212766061e+00
4.131578947368421240e+00
3.534883720930232620e+00
3.500000000000000000e+00
3.756097560975609539e+00
2.899999999999999911e+00
3.418604651162790553e+00
3.523809523809523725e+00
2.725490196078431460e+00
3.534883720930232620e+00
3.318181818181818343e+00
3.148936170212766061e+00
4.131578947368421240e+00
3.404761904761904656e+00
3.333333333333333481e+00
3.042553191489361541e+00
3.756097560975609539e+00
3.534883720930232620e+00
2.936170212765957466e+00
3.186046511627906863e+00
2.363636363636363757e+00
4.000000000000000000e+00
3.333333333333333481e+00
3.756097560975609539e+00
3.875000000000000000e+00
3.302325581395348930e+00
4.000000000000000000e+00
3.642857142857142794e+00
3.318181818181818343e+00
3.743589743589743613e+00
4.000000000000000000e+00
2.518518518518518601e+00
3.625000000000000000e+00
3.534883720930232620e+00
2.500000000000000000e+00
3.743589743589743613e+00
4.000000000000000000e+00
2.700000000000000178e+00
3.318181818181818343e+00
2.977272727272727071e+00
3.756097560975609539e+00
3.756097560975609539e+00
4.000000000000000000e+00
3.333333333333333481e+00
3.130434782608695787e+00
3.302325581395348930e+00
3.130434782608695787e+00
3.534883720930232620e+00
2.958333333333333481e+00
2.490566037735848948e+00
2.899999999999999911e+00
3.642857142857142794e+00
3.750000000000000000e+00
3.204545454545454586e+00
3.512195121951219523e+00
3.642857142857142794e+00
2.877551020408163129e+00
4.000000000000000000e+00
3.634146341463414753e+00
4.131578947368421240e+00
4.270270270270270174e+00
3.431818181818181657e+00
3.642857142857142794e+00
3.333333333333333481e+00
3.148936170212766061e+00
3.431818181818181657e+00
3.021739130434782705e+00
3.318181818181818343e+00
2.363636363636363757e+00
4.131578947368421240e+00
3.042553191489361541e+00
3.875000000000000000e+00
3.404761904761904656e+00
3.875000000000000000e+00
3.512195121951219523e+00
3.390243902439024293e+00
3.756097560975609539e+00
3.333333333333333481e+00
4.270270270270270174e+00
4.000000000000000000e+00
3.431818181818181657e+00
4.000000000000000000e+00
3.875000000000000000e+00
3.404761904761904656e+00
3.750000000000000000e+00
3.871794871794871806e+00
4.000000000000000000e+00
3.222222222222222321e+00
4.000000000000000000e+00
3.069767441860465240e+00
3.431818181818181657e+00
4.270270270270270174e+00
3.756097560975609539e+00
3.222222222222222321e+00
3.875000000000000000e+00
3.318181818181818343e+00
4.131578947368421240e+00
3.756097560975609539e+00
2.666666666666666519e+00
3.875000000000000000e+00
3.875000000000000000e+00
2.301886792452830122e+00
2.854166666666666519e+00
3.750000000000000000e+00
2.600000000000000089e+00
3.512195121951219523e+00
3.875000000000000000e+00
3.000000000000000000e+00
2.723404255319148870e+00
3.239130434782608869e+00
3.743589743589743613e+00
4.000000000000000000e+00
3.204545454545454586e+00
4.131578947368421240e+00
4.000000000000000000e+00
4.000000000000000000e+00
3.534883720930232620e+00
4.270270270270270174e+00
2.979591836734694077e+00
4.131578947368421240e+00
4.000000000000000000e+00
3.875000000000000000e+00
3.534883720930232620e+00
3.239130434782608869e+00
4.000000000000000000e+00
3.431818181818181657e+00
3.634146341463414753e+00
3.431818181818181657e+00
3.021739130434782705e+00
3.239130434782608869e+00
3.148936170212766061e+00
3.534883720930232620e+00
4.270270270270270174e+00
2.723404255319148870e+00
2.877551020408163129e+00
4.000000000000000000e+00
4.000000000000000000e+00
2.083333333333333481e+00
2.723404255319148870e+00
3.390243902439024293e+00
4.270270270270270174e+00
3.285714285714285587e+00
2.775510204081632626e+00
2.396226415094339757e+00
3.523809523809523725e+00
3.239130434782608869e+00
4.000000000000000000e+00
3.111111111111111160e+00
3.487179487179487225e+00
4.131578947368421240e+00
3.431818181818181657e+00
4.000000000000000000e+00
3.069767441860465240e+00
3.431818181818181657e+00
3.302325581395348930e+00
3.431818181818181657e+00
2.899999999999999911e+00
2.823529411764706065e+00
2.173076923076922906e+00
3.534883720930232620e+00
3.000000000000000000e+00
3.534883720930232620e+00
3.333333333333333481e+00
2.679245283018867774e+00
3.534883720930232620e+00
2.135593220338983134e+00
2.723404255319148870e+00
2.600000000000000089e+00
2.700000000000000178e+00
3.534883720930232620e+00
2.627450980392156854e+00
3.318181818181818343e+00
3.111111111111111160e+00
3.130434782608695787e+00
3.333333333333333481e+00
2.611111111111111160e+00
2.977272727272727071e+00
3.642857142857142794e+00
3.534883720930232620e+00
4.000000000000000000e+00
3.021739130434782705e+00
3.642857142857142794e+00
2.700000000000000178e+00
3.875000000000000000e+00
3.404761904761904656e+00
3.512195121951219523e+00
3.534883720930232620e+00
4.270270270270270174e+00
3.111111111111111160e+00
3.512195121951219523e+00
2.545454545454545414e+00
3.523809523809523725e+00
3.204545454545454586e+00
2.673469387755102122e+00
3.062500000000000000e+00
4.000000000000000000e+00
3.021739130434782705e+00
4.270270270270270174e+00
3.404761904761904656e+00
3.404761904761904656e+00
3.875000000000000000e+00
3.431818181818181657e+00
4.131578947368421240e+00
3.204545454545454586e+00
3.756097560975609539e+00
3.756097560975609539e+00
3.148936170212766061e+00
2.837209302325581550e+00
2.725490196078431460e+00
3.239130434782608869e+00
3.534883720930232620e+00
4.000000000000000000e+00
3.875000000000000000e+00
3.431818181818181657e+00
2.100000000000000089e+00
3.239130434782608869e+00
3.642857142857142794e+00
3.431818181818181657e+00
4.000000000000000000e+00
3.062500000000000000e+00
3.302325581395348930e+00
3.756097560975609539e+00
4.270270270270270174e+00
3.534883720930232620e+00
3.204545454545454586e+00
3.239130434782608869e+00
3.390243902439024293e+00
3.148936170212766061e+00
3.875000000000000000e+00
3.302325581395348930e+00
3.042553191489361541e+00
3.404761904761904656e+00
2.829787234042553390e+00
3.756097560975609539e+00
2.725490196078431460e+00
3.875000000000000000e+00
3.756097560975609539e+00
3.302325581395348930e+00
2.977272727272727071e+00
3.875000000000000000e+00
3.642857142857142794e+00
3.239130434782608869e+00
4.000000000000000000e+00
3.875000000000000000e+00
3.222222222222222321e+00
3.523809523809523725e+00
3.418604651162790553e+00
3.875000000000000000e+00
3.333333333333333481e+00
3.523809523809523725e+00
3.756097560975609539e+00
3.875000000000000000e+00
3.875000000000000000e+00
4.000000000000000000e+00
2.958333333333333481e+00
3.431818181818181657e+00
3.239130434782608869e+00
2.627450980392156854e+00
4.270270270270270174e+00
2.854166666666666519e+00
2.936170212765957466e+00
3.130434782608695787e+00
3.534883720930232620e+00
3.634146341463414753e+00
3.756097560975609539e+00
2.557692307692307487e+00
2.936170212765957466e+00
3.756097560975609539e+00
3.111111111111111160e+00
3.148936170212766061e+00
3.534883720930232620e+00
3.333333333333333481e+00
3.418604651162790553e+00
3.875000000000000000e+00
2.725490196078431460e+00
3.875000000000000000e+00
3.875000000000000000e+00
3.642857142857142794e+00
4.000000000000000000e+00
2.829787234042553390e+00
3.756097560975609539e+00
3.756097560975609539e+00
3.875000000000000000e+00
3.431818181818181657e+00
2.899999999999999911e+00
3.756097560975609539e+00
2.958333333333333481e+00
4.000000000000000000e+00
3.642857142857142794e+00
4.270270270270270174e+00
2.804347826086956541e+00
3.404761904761904656e+00
3.642857142857142794e+00
4.270270270270270174e+00
3.021739130434782705e+00
3.534883720930232620e+00
3.318181818181818343e+00
3.875000000000000000e+00
2.189655172413793149e+00
3.756097560975609539e+00
3.634146341463414753e+00
3.431818181818181657e+00
4.131578947368421240e+00
3.743589743589743613e+00
3.534883720930232620e+00
3.333333333333333481e+00
3.222222222222222321e+00
3.750000000000000000e+00
3.756097560975609539e+00
4.131578947368421240e+00
2.363636363636363757e+00
3.756097560975609539e+00
4.131578947368421240e+00
4.000000000000000000e+00
3.148936170212766061e+00
2.936170212765957466e+00
3.302325581395348930e+00
3.634146341463414753e+00
3.756097560975609539e+00
3.642857142857142794e+00
3.534883720930232620e+00
3.634146341463414753e+00
3.239130434782608869e+00
3.642857142857142794e+00
3.743589743589743613e+00
2.877551020408163129e+00
3.431818181818181657e+00
3.756097560975609539e+00
4.131578947368421240e+00
4.000000000000000000e+00
4.000000000000000000e+00
3.615384615384615419e+00
3.634146341463414753e+00
3.634146341463414753e+00
3.431818181818181657e+00
3.642857142857142794e+00
3.239130434782608869e+00
2.823529411764706065e+00
3.523809523809523725e+00
3.333333333333333481e+00
3.333333333333333481e+00
3.333333333333333481e+00
3.130434782608695787e+00
3.318181818181818343e+00
3.512195121951219523e+00
3.634146341463414753e+00
3.148936170212766061e+00
3.868421052631578760e+00
3.625000000000000000e+00
3.090909090909090828e+00
2.750000000000000000e+00
3.534883720930232620e+00
3.130434782608695787e+00
2.545454545454545414e+00
3.111111111111111160e+00
2.617021276595744794e+00
3.875000000000000000e+00
3.534883720930232620e+00
3.111111111111111160e+00
3.239130434782608869e+00
4.000000000000000000e+00
3.512195121951219523e+00
3.756097560975609539e+00
3.756097560975609539e+00
4.270270270270270174e+00
2.877551020408163129e+00
3.333333333333333481e+00
3.871794871794871806e+00
4.000000000000000000e+00
3.042553191489361541e+00
3.062500000000000000e+00
3.642857142857142794e+00
2.958333333333333481e+00
3.318181818181818343e+00
2.775510204081632626e+00
2.700000000000000178e+00
3.642857142857142794e+00
2.888888888888888840e+00
4.131578947368421240e+00
3.333333333333333481e+00
2.829787234042553390e+00
2.541666666666666519e+00
2.854166666666666519e+00
3.534883720930232620e+00
4.270270270270270174e+00
3.875000000000000000e+00
4.000000000000000000e+00
2.571428571428571619e+00
3.111111111111111160e+00
3.642857142857142794e+00
3.634146341463414753e+00
2.854166666666666519e+00
3.333333333333333481e+00
3.756097560975609539e+00
3.404761904761904656e+00
4.270270270270270174e+00
4.000000000000000000e+00
4.000000000000000000e+00
3.625000000000000000e+00
3.534883720930232620e+00
3.204545454545454586e+00
3.875000000000000000e+00
3.875000000000000000e+00
3.222222222222222321e+00
3.390243902439024293e+00
3.875000000000000000e+00
3.512195121951219523e+00
3.069767441860465240e+00
4.131578947368421240e+00
2.854166666666666519e+00
3.756097560975609539e+00
2.571428571428571619e+00
3.390243902439024293e+00
3.111111111111111160e+00
3.111111111111111160e+00
3.333333333333333481e+00
3.186046511627906863e+00
4.000000000000000000e+00
3.743589743589743613e+00
3.756097560975609539e+00
2.627450980392156854e+00
2.977272727272727071e+00
3.404761904761904656e+00
2.936170212765957466e+00
2.490566037735848948e+00
2.977272727272727071e+00
3.875000000000000000e+00
3.534883720930232620e+00
3.875000000000000000e+00
4.131578947368421240e+00
3.431818181818181657e+00
3.534883720930232620e+00
3.404761904761904656e+00
3.756097560975609539e+00
2.700000000000000178e+00
2.700000000000000178e+00
3.523809523809523725e+00
4.270270270270270174e+00
3.875000000000000000e+00
3.534883720930232620e+00
3.318181818181818343e+00
3.875000000000000000e+00
2.775510204081632626e+00
3.021739130434782705e+00
3.148936170212766061e+00
3.148936170212766061e+00
3.875000000000000000e+00
4.000000000000000000e+00
4.000000000000000000e+00
3.875000000000000000e+00
4.270270270270270174e+00
3.333333333333333481e+00
2.431372549019607643e+00
4.131578947368421240e+00
3.021739130434782705e+00
4.131578947368421240e+00
4.270270270270270174e+00
3.642857142857142794e+00
4.000000000000000000e+00
3.642857142857142794e+00
3.756097560975609539e+00
3.642857142857142794e+00
3.750000000000000000e+00
3.333333333333333481e+00
4.000000000000000000e+00
3.875000000000000000e+00
4.131578947368421240e+00
3.512195121951219523e+00
2.804347826086956541e+00
4.131578947368421240e+00
3.333333333333333481e+00
3.534883720930232620e+00
3.642857142857142794e+00
3.487179487179487225e+00
3.743589743589743613e+00
3.418604651162790553e+00
3.302325581395348930e+00
2.799999999999999822e+00
2.673469387755102122e+00
3.318181818181818343e+00
3.875000000000000000e+00
2.673469387755102122e+00
3.871794871794871806e+00
3.875000000000000000e+00
1.758620689655172376e+00
3.111111111111111160e+00
4.270270270270270174e+00
4.000000000000000000e+00
3.239130434782608869e+00
4.000000000000000000e+00
3.333333333333333481e+00
2.823529411764706065e+00
4.000000000000000000e+00
3.750000000000000000e+00
4.131578947368421240e+00
3.534883720930232620e+00
2.500000000000000000e+00
3.875000000000000000e+00
4.000000000000000000e+00
3.875000000000000000e+00
3.333333333333333481e+00
3.021739130434782705e+00
3.148936170212766061e+00
3.875000000000000000e+00
1.666666666666666741e+00
2.936170212765957466e+00
3.756097560975609539e+00
3.302325581395348930e+00
3.875000000000000000e+00
2.627450980392156854e+00
3.333333333333333481e+00
3.756097560975609539e+00
4.270270270270270174e+00
3.642857142857142794e+00
4.131578947368421240e+00
3.431818181818181657e+00
4.270270270270270174e+00
4.131578947368421240e+00
2.679245283018867774e+00
3.111111111111111160e+00
3.534883720930232620e+00
2.979591836734694077e+00
3.756097560975609539e+00
3.523809523809523725e+00
3.534883720930232620e+00
4.270270270270270174e+00
3.268292682926829062e+00
4.270270270270270174e+00
3.302325581395348930e+00
3.615384615384615419e+00
4.000000000000000000e+00
3.512195121951219523e+00
3.756097560975609539e+00
2.854166666666666519e+00
3.042553191489361541e+00
3.534883720930232620e+00
2.979591836734694077e+00
3.333333333333333481e+00
3.333333333333333481e+00
2.571428571428571619e+00
2.700000000000000178e+00
2.979591836734694077e+00
3.418604651162790553e+00
4.270270270270270174e+00
3.534883720930232620e+00
3.431818181818181657e+00
3.404761904761904656e+00
3.042553191489361541e+00
2.775510204081632626e+00
3.875000000000000000e+00
2.723404255319148870e+00
2.490566037735848948e+00
3.750000000000000000e+00
3.239130434782608869e+00
3.431818181818181657e+00
3.642857142857142794e+00
3.431818181818181657e+00
4.000000000000000000e+00
3.871794871794871806e+00
2.979591836734694077e+00
3.204545454545454586e+00
3.534883720930232620e+00
3.625000000000000000e+00
3.404761904761904656e+00
3.642857142857142794e+00
3.148936170212766061e+00
3.756097560975609539e+00
3.534883720930232620e+00
3.642857142857142794e+00
3.239130434782608869e+00
4.000000000000000000e+00
3.756097560975609539e+00
2.645833333333333481e+00
3.534883720930232620e+00
2.804347826086956541e+00
3.642857142857142794e+00
3.756097560975609539e+00
3.111111111111111160e+00
2.888888888888888840e+00
3.333333333333333481e+00
4.270270270270270174e+00
4.270270270270270174e+00
3.512195121951219523e+00
4.270270270270270174e+00
2.799999999999999822e+00
3.431818181818181657e+00
3.062500000000000000e+00
2.913043478260869623e+00
3.062500000000000000e+00
3.625000000000000000e+00
4.131578947368421240e+00
3.418604651162790553e+00
2.775510204081632626e+00
3.756097560975609539e+00
3.512195121951219523e+00
3.333333333333333481e+00
4.131578947368421240e+00
3.333333333333333481e+00
3.148936170212766061e+00
3.875000000000000000e+00
3.534883720930232620e+00
2.899999999999999911e+00
2.367346938775510168e+00
4.000000000000000000e+00
3.431818181818181657e+00
4.270270270270270174e+00
3.875000000000000000e+00
2.673469387755102122e+00
3.148936170212766061e+00
3.333333333333333481e+00
3.875000000000000000e+00
3.756097560975609539e+00
4.000000000000000000e+00
3.042553191489361541e+00
4.000000000000000000e+00
4.270270270270270174e+00
3.148936170212766061e+00
3.222222222222222321e+00
3.756097560975609539e+00
4.270270270270270174e+00
2.431372549019607643e+00
3.069767441860465240e+00
2.775510204081632626e+00
2.571428571428571619e+00
2.888888888888888840e+00
3.512195121951219523e+00
3.875000000000000000e+00
3.642857142857142794e+00
3.333333333333333481e+00
3.148936170212766061e+00
2.695652173913043459e+00
3.642857142857142794e+00
3.875000000000000000e+00
2.541666666666666519e+00
3.512195121951219523e+00
3.204545454545454586e+00
3.333333333333333481e+00
3.431818181818181657e+00
3.431818181818181657e+00
3.756097560975609539e+00
3.069767441860465240e+00
3.404761904761904656e+00
3.302325581395348930e+00
3.062500000000000000e+00
3.642857142857142794e+00
3.634146341463414753e+00
2.823529411764706065e+00
3.111111111111111160e+00
2.775510204081632626e+00
3.302325581395348930e+00
3.285714285714285587e+00
3.431818181818181657e+00
3.642857142857142794e+00
3.642857142857142794e+00
2.482142857142857206e+00
3.318181818181818343e+00
3.756097560975609539e+00
3.333333333333333481e+00
3.062500000000000000e+00
3.404761904761904656e+00
3.431818181818181657e+00
3.534883720930232620e+00
3.500000000000000000e+00
3.642857142857142794e+00
3.534883720930232620e+00
4.135135135135135087e+00
3.534883720930232620e+00
3.239130434782608869e+00
3.875000000000000000e+00
2.854166666666666519e+00
3.318181818181818343e+00
3.239130434782608869e+00
3.875000000000000000e+00
3.418604651162790553e+00
3.642857142857142794e+00
3.111111111111111160e+00
3.512195121951219523e+00
3.534883720930232620e+00
3.875000000000000000e+00
2.396226415094339757e+00
3.431818181818181657e+00
3.642857142857142794e+00
3.642857142857142794e+00
3.534883720930232620e+00
3.431818181818181657e+00
4.131578947368421240e+00
3.625000000000000000e+00
3.239130434782608869e+00
