-1.000000000000000000e+00
-1.000000000000000000e+00
-3.669999999999999929e+00
-3.955000000000000071e+00
-1.000000000000000000e+00
-1.764999999999999902e+00
-1.590000000000000080e+00
-1.229999999999999982e+00
-1.824999999999999956e+00
-1.294999999999999929e+00
-2.569999999999999840e+00
-1.000000000000000000e+00
-1.774999999999999911e+00
-2.149999999999999911e+00
-1.445000000000000062e+00
-2.709999999999999964e+00
-1.000000000000000000e+00
-2.009999999999999787e+00
-2.839999999999999858e+00
-1.000000000000000000e+00
-1.000000000000000000e+00
-3.520000000000000018e+00
-3.290000000000000036e+00
-1.814999999999999947e+00
-3.850000000000000089e+00
-2.504999999999999893e+00
-1.000000000000000000e+00
-1.350000000000000089e+00
-4.839999999999999858e+00
-1.000000000000000000e+00
-1.070000000000000062e+00
-1.000000000000000000e+00
-1.790000000000000036e+00
-4.525000000000000355e+00
-1.000000000000000000e+00
-1.000000000000000000e+00
-1.814999999999999947e+00
-1.000000000000000000e+00
-1.520000000000000018e+00
-1.000000000000000000e+00
-1.000000000000000000e+00
-3.459999999999999964e+00
-1.245000000000000107e+00
-1.000000000000000000e+00
-1.000000000000000000e+00
-3.720000000000000195e+00
-2.794999999999999929e+00
-1.000000000000000000e+00
-4.389999999999999680e+00
-1.020000000000000018e+00
-1.000000000000000000e+00
-2.410000000000000142e+00
-1.000000000000000000e+00
-1.030000000000000027e+00
-1.235000000000000098e+00
-1.120000000000000107e+00
-2.100000000000000089e+00
-1.000000000000000000e+00
-4.299999999999999822e+00
-1.000000000000000000e+00
-4.144999999999999574e+00
-1.000000000000000000e+00
-2.339999999999999858e+00
-1.459999999999999964e+00
-3.200000000000000178e+00
-6.190000000000000391e+00
-1.000000000000000000e+00
-1.000000000000000000e+00
-1.000000000000000000e+00
-2.819999999999999840e+00
-1.435000000000000053e+00
-1.685000000000000053e+00
-1.159999999999999920e+00
-1.354999999999999982e+00
-1.000000000000000000e+00
-1.000000000000000000e+00
-3.915000000000000036e+00
-1.014999999999999902e+00
-1.395000000000000018e+00
-1.000000000000000000e+00
-1.000000000000000000e+00
-1.000000000000000000e+00
-4.240000000000000213e+00
-1.000000000000000000e+00
-1.024999999999999911e+00
-1.270000000000000018e+00
-1.000000000000000000e+00
-1.064999999999999947e+00
-1.000000000000000000e+00
-1.024999999999999911e+00
-1.000000000000000000e+00
-2.089999999999999858e+00
-1.000000000000000000e+00
-1.000000000000000000e+00
-1.000000000000000000e+00
-5.325000000000000178e+00
-1.000000000000000000e+00
-3.149999999999999911e+00
-1.000000000000000000e+00
-1.165000000000000036e+00
-3.009999999999999787e+00
-1.000000000000000000e+00
-2.564999999999999947e+00
-1.514999999999999902e+00
-1.495000000000000107e+00
-1.030000000000000027e+00
-1.000000000000000000e+00
-2.535000000000000142e+00
-3.345000000000000195e+00
-1.020000000000000018e+00
-1.000000000000000000e+00
-1.000000000000000000e+00
-1.000000000000000000e+00
-4.584999999999999964e+00
-1.020000000000000018e+00
-1.425000000000000044e+00
-1.270000000000000018e+00
-1.000000000000000000e+00
-3.089999999999999858e+00
-1.000000000000000000e+00
-1.014999999999999902e+00
-1.000000000000000000e+00
-4.504999999999999893e+00
-1.000000000000000000e+00
-3.589999999999999858e+00
-1.000000000000000000e+00
-2.265000000000000124e+00
-1.000000000000000000e+00
-3.694999999999999840e+00
-1.000000000000000000e+00
-1.000000000000000000e+00
-1.000000000000000000e+00
-1.324999999999999956e+00
-1.909999999999999920e+00
-1.254999999999999893e+00
-1.000000000000000000e+00
-2.555000000000000160e+00
-1.000000000000000000e+00
-7.775000000000000355e+00
-1.330000000000000071e+00
-3.544999999999999929e+00
-1.000000000000000000e+00
-3.435000000000000053e+00
-1.000000000000000000e+00
-1.000000000000000000e+00
-1.989999999999999991e+00
-1.320000000000000062e+00
-1.010000000000000009e+00
-1.915000000000000036e+00
-2.154999999999999805e+00
-1.975000000000000089e+00
-1.804999999999999938e+00
-1.354999999999999982e+00
-1.620000000000000107e+00
-1.000000000000000000e+00
-1.000000000000000000e+00
-1.000000000000000000e+00
-1.014999999999999902e+00
-1.000000000000000000e+00
-1.034999999999999920e+00
-1.455000000000000071e+00
-1.014999999999999902e+00
-1.000000000000000000e+00
-1.024999999999999911e+00
-1.000000000000000000e+00
-1.020000000000000018e+00
-1.000000000000000000e+00
-1.014999999999999902e+00
-1.000000000000000000e+00
-2.055000000000000160e+00
-1.000000000000000000e+00
-1.024999999999999911e+00
-1.000000000000000000e+00
-1.014999999999999902e+00
-1.699999999999999956e+00
-1.024999999999999911e+00
-1.000000000000000000e+00
-5.014999999999999680e+00
-1.000000000000000000e+00
-1.254999999999999893e+00
-1.000000000000000000e+00
-1.000000000000000000e+00
-1.000000000000000000e+00
-4.269999999999999574e+00
-1.000000000000000000e+00
-1.415000000000000036e+00
-1.899999999999999911e+00
-1.469999999999999973e+00
-1.000000000000000000e+00
-5.155000000000000249e+00
-1.000000000000000000e+00
-5.049999999999999822e+00
-1.000000000000000000e+00
-4.165000000000000036e+00
-1.000000000000000000e+00
-4.990000000000000213e+00
-3.290000000000000036e+00
-1.604999999999999982e+00
-1.024999999999999911e+00
-1.070000000000000062e+00
-3.080000000000000071e+00
-1.000000000000000000e+00
-2.654999999999999805e+00
-1.000000000000000000e+00
-2.259999999999999787e+00
-1.000000000000000000e+00
-3.370000000000000107e+00
-1.000000000000000000e+00
-1.699999999999999956e+00
-3.370000000000000107e+00
-1.120000000000000107e+00
-2.270000000000000018e+00
-1.870000000000000107e+00
-7.940000000000000391e+00
-2.500000000000000000e+00
-3.009999999999999787e+00
-6.110000000000000320e+00
-4.280000000000000249e+00
-2.229999999999999982e+00
-4.610000000000000320e+00
-2.270000000000000018e+00
-3.189999999999999947e+00
-2.029999999999999805e+00
-1.000000000000000000e+00
-1.000000000000000000e+00
-2.020000000000000018e+00
-3.029999999999999805e+00
-1.750000000000000000e+00
-6.179999999999999716e+00
-2.629999999999999893e+00
-3.770000000000000018e+00
-2.759999999999999787e+00
-2.790000000000000036e+00
-2.689999999999999947e+00
-3.290000000000000036e+00
-1.709999999999999964e+00
-3.910000000000000142e+00
-1.590000000000000080e+00
-2.229999999999999982e+00
-1.030000000000000027e+00
-1.020000000000000018e+00
-1.000000000000000000e+00
-2.609999999999999876e+00
-3.384999999999999787e+00
-1.735000000000000098e+00
-1.000000000000000000e+00
-2.120000000000000107e+00
-1.564999999999999947e+00
-5.650000000000000355e+00
-2.665000000000000036e+00
-1.229999999999999982e+00
-1.040000000000000036e+00
-1.149999999999999911e+00
-2.560000000000000053e+00
-2.915000000000000036e+00
-2.095000000000000195e+00
-2.984999999999999876e+00
-1.794999999999999929e+00
-1.844999999999999973e+00
-1.024999999999999911e+00
-1.000000000000000000e+00
-1.709999999999999964e+00
-1.479999999999999982e+00
-2.854999999999999982e+00
-1.000000000000000000e+00
-1.000000000000000000e+00
-1.000000000000000000e+00
-1.000000000000000000e+00
-1.000000000000000000e+00
-1.000000000000000000e+00
-3.379999999999999893e+00
-1.000000000000000000e+00
-4.764999999999999680e+00
-1.000000000000000000e+00
-1.000000000000000000e+00
-1.014999999999999902e+00
-1.000000000000000000e+00
-1.000000000000000000e+00
-1.625000000000000000e+00
-1.179999999999999938e+00
-1.000000000000000000e+00
-4.530000000000000249e+00
-2.459999999999999964e+00
-1.000000000000000000e+00
-3.859999999999999876e+00
-2.919999999999999929e+00
-4.179999999999999716e+00
-1.110000000000000098e+00
-1.439999999999999947e+00
-1.629999999999999893e+00
-2.750000000000000000e+00
-7.940000000000000391e+00
-2.450000000000000178e+00
-1.139999999999999902e+00
-1.000000000000000000e+00
-1.000000000000000000e+00
-3.520000000000000018e+00
-1.000000000000000000e+00
-1.274999999999999911e+00
-1.000000000000000000e+00
-4.084999999999999964e+00
-1.000000000000000000e+00
-1.014999999999999902e+00
-1.000000000000000000e+00
-1.024999999999999911e+00
-1.000000000000000000e+00
-2.734999999999999876e+00
-1.479999999999999982e+00
-2.694999999999999840e+00
-1.000000000000000000e+00
-1.000000000000000000e+00
-1.020000000000000018e+00
-1.179999999999999938e+00
-1.000000000000000000e+00
-1.625000000000000000e+00
-1.155000000000000027e+00
-1.000000000000000000e+00
-1.000000000000000000e+00
-1.000000000000000000e+00
-1.895000000000000018e+00
-1.000000000000000000e+00
-1.000000000000000000e+00
-1.000000000000000000e+00
-1.000000000000000000e+00
-1.000000000000000000e+00
-1.000000000000000000e+00
-1.000000000000000000e+00
-1.000000000000000000e+00
-1.000000000000000000e+00
-1.000000000000000000e+00
-1.000000000000000000e+00
-1.000000000000000000e+00
-1.000000000000000000e+00
-1.000000000000000000e+00
-1.000000000000000000e+00
-1.000000000000000000e+00
-1.000000000000000000e+00
-1.000000000000000000e+00
-1.000000000000000000e+00
-2.319999999999999840e+00
-1.000000000000000000e+00
-1.405000000000000027e+00
-1.000000000000000000e+00
-1.955000000000000071e+00
-1.000000000000000000e+00
-1.000000000000000000e+00
-1.000000000000000000e+00
-1.000000000000000000e+00
-1.000000000000000000e+00
-1.000000000000000000e+00
-1.000000000000000000e+00
-1.159999999999999920e+00
-3.875000000000000000e+00
-1.000000000000000000e+00
-1.145000000000000018e+00
-1.000000000000000000e+00
-1.000000000000000000e+00
-1.000000000000000000e+00
-1.024999999999999911e+00
-1.350000000000000089e+00
-1.000000000000000000e+00
-1.000000000000000000e+00
-1.000000000000000000e+00
-1.000000000000000000e+00
-1.000000000000000000e+00
-2.129999999999999893e+00
-1.000000000000000000e+00
-1.764999999999999902e+00
-1.000000000000000000e+00
-1.000000000000000000e+00
-1.000000000000000000e+00
-3.084999999999999964e+00
-3.075000000000000178e+00
-1.260000000000000009e+00
-1.425000000000000044e+00
-1.000000000000000000e+00
-1.185000000000000053e+00
-1.000000000000000000e+00
-1.000000000000000000e+00
-1.000000000000000000e+00
-1.814999999999999947e+00
-1.000000000000000000e+00
-2.259999999999999787e+00
-1.010000000000000009e+00
-1.360000000000000098e+00
-1.000000000000000000e+00
-5.580000000000000071e+00
-2.990000000000000213e+00
-1.000000000000000000e+00
-1.000000000000000000e+00
-1.000000000000000000e+00
-1.000000000000000000e+00
-1.000000000000000000e+00
-1.725000000000000089e+00
-1.000000000000000000e+00
-1.000000000000000000e+00
-1.000000000000000000e+00
-1.000000000000000000e+00
-1.614999999999999991e+00
-1.000000000000000000e+00
-1.949999999999999956e+00
-1.179999999999999938e+00
-1.000000000000000000e+00
-1.195000000000000062e+00
-1.000000000000000000e+00
-1.000000000000000000e+00
-1.000000000000000000e+00
-2.095000000000000195e+00
-1.000000000000000000e+00
-1.000000000000000000e+00
-1.000000000000000000e+00
-1.000000000000000000e+00
-1.000000000000000000e+00
-1.000000000000000000e+00
-1.000000000000000000e+00
-1.000000000000000000e+00
-1.000000000000000000e+00
-1.000000000000000000e+00
-1.000000000000000000e+00
-1.000000000000000000e+00
-1.254999999999999893e+00
-1.000000000000000000e+00
-1.000000000000000000e+00
-1.000000000000000000e+00
-1.000000000000000000e+00
-1.000000000000000000e+00
-1.000000000000000000e+00
-1.000000000000000000e+00
-1.000000000000000000e+00
-1.145000000000000018e+00
-1.000000000000000000e+00
-1.995000000000000107e+00
-1.014999999999999902e+00
-1.014999999999999902e+00
-1.000000000000000000e+00
-2.674999999999999822e+00
-2.154999999999999805e+00
-1.824999999999999956e+00
-4.384999999999999787e+00
-3.169999999999999929e+00
-1.000000000000000000e+00
-1.344999999999999973e+00
-1.000000000000000000e+00
-3.535000000000000142e+00
-1.000000000000000000e+00
-1.000000000000000000e+00
-1.000000000000000000e+00
-1.000000000000000000e+00
-1.000000000000000000e+00
-2.790000000000000036e+00
-1.000000000000000000e+00
-1.000000000000000000e+00
-1.000000000000000000e+00
-1.000000000000000000e+00
-1.000000000000000000e+00
-1.000000000000000000e+00
-1.000000000000000000e+00
-1.000000000000000000e+00
-1.080000000000000071e+00
-1.284999999999999920e+00
-1.000000000000000000e+00
-1.689999999999999947e+00
-2.384999999999999787e+00
-1.504999999999999893e+00
-2.149999999999999911e+00
-1.000000000000000000e+00
-2.129999999999999893e+00
-1.000000000000000000e+00
-1.000000000000000000e+00
-1.000000000000000000e+00
-1.469999999999999973e+00
-1.000000000000000000e+00
-1.000000000000000000e+00
-1.000000000000000000e+00
-1.000000000000000000e+00
-1.590000000000000080e+00
-1.594999999999999973e+00
-1.409999999999999920e+00
-1.000000000000000000e+00
-1.000000000000000000e+00
-1.264999999999999902e+00
-1.000000000000000000e+00
-1.435000000000000053e+00
-1.000000000000000000e+00
-1.000000000000000000e+00
-1.000000000000000000e+00
-1.000000000000000000e+00
-1.264999999999999902e+00
-2.125000000000000000e+00
-1.300000000000000044e+00
-1.510000000000000009e+00
-4.879999999999999893e+00
-1.419999999999999929e+00
-4.139999999999999680e+00
-1.110000000000000098e+00
-1.000000000000000000e+00
-1.000000000000000000e+00
-2.944999999999999840e+00
-1.000000000000000000e+00
-1.544999999999999929e+00
-4.915000000000000036e+00
-1.314999999999999947e+00
-2.685000000000000053e+00
-1.000000000000000000e+00
-1.000000000000000000e+00
-1.125000000000000000e+00
-1.000000000000000000e+00
-1.000000000000000000e+00
-1.000000000000000000e+00
-1.000000000000000000e+00
-1.000000000000000000e+00
-1.000000000000000000e+00
-1.469999999999999973e+00
-1.000000000000000000e+00
-1.000000000000000000e+00
-1.915000000000000036e+00
-1.000000000000000000e+00
-2.910000000000000142e+00
-1.000000000000000000e+00
-1.000000000000000000e+00
-1.000000000000000000e+00
-1.000000000000000000e+00
-1.000000000000000000e+00
-1.000000000000000000e+00
-3.560000000000000053e+00
-2.140000000000000124e+00
-1.780000000000000027e+00
-5.705000000000000071e+00
-1.580000000000000071e+00
-2.450000000000000178e+00
-2.799999999999999822e+00
-3.075000000000000178e+00
-1.610000000000000098e+00
-3.379999999999999893e+00
-3.750000000000000000e+00
-1.000000000000000000e+00
-1.000000000000000000e+00
-4.419999999999999929e+00
-1.264999999999999902e+00
-2.000000000000000000e+00
-1.000000000000000000e+00
-2.319999999999999840e+00
-1.760000000000000009e+00
-4.530000000000000249e+00
-1.000000000000000000e+00
-1.000000000000000000e+00
-1.000000000000000000e+00
-1.000000000000000000e+00
-1.000000000000000000e+00
-1.000000000000000000e+00
-7.679999999999999716e+00
-2.459999999999999964e+00
-4.299999999999999822e+00
-2.399999999999999911e+00
-1.000000000000000000e+00
-2.129999999999999893e+00
-3.279999999999999805e+00
-1.010000000000000009e+00
-3.890000000000000124e+00
-1.000000000000000000e+00
-1.000000000000000000e+00
-2.049999999999999822e+00
-1.000000000000000000e+00
-1.000000000000000000e+00
-7.150000000000000355e+00
-2.665000000000000036e+00
-1.000000000000000000e+00
-1.439999999999999947e+00
-1.330000000000000071e+00
-3.850000000000000089e+00
-4.209999999999999964e+00
-2.919999999999999929e+00
-3.200000000000000178e+00
-5.040000000000000036e+00
-1.000000000000000000e+00
-1.000000000000000000e+00
-1.000000000000000000e+00
-2.799999999999999822e+00
-1.000000000000000000e+00
-1.000000000000000000e+00
-1.000000000000000000e+00
-1.544999999999999929e+00
-1.000000000000000000e+00
-1.000000000000000000e+00
-1.000000000000000000e+00
-1.215000000000000080e+00
-1.000000000000000000e+00
-1.330000000000000071e+00
-1.000000000000000000e+00
-2.254999999999999893e+00
-1.000000000000000000e+00
-3.729999999999999982e+00
-1.000000000000000000e+00
-1.504999999999999893e+00
-2.740000000000000213e+00
-1.000000000000000000e+00
-1.000000000000000000e+00
-3.040000000000000036e+00
-1.000000000000000000e+00
-1.000000000000000000e+00
-3.029999999999999805e+00
-2.600000000000000089e+00
-1.000000000000000000e+00
-1.000000000000000000e+00
-1.000000000000000000e+00
-1.000000000000000000e+00
-2.930000000000000160e+00
-2.285000000000000142e+00
-1.000000000000000000e+00
-1.000000000000000000e+00
-1.000000000000000000e+00
-1.364999999999999991e+00
-6.299999999999999822e+00
-3.890000000000000124e+00
-1.189999999999999947e+00
-1.000000000000000000e+00
-1.000000000000000000e+00
-1.000000000000000000e+00
-2.589999999999999858e+00
-1.000000000000000000e+00
-3.350000000000000089e+00
-1.000000000000000000e+00
-3.029999999999999805e+00
-1.760000000000000009e+00
-2.950000000000000178e+00
-2.759999999999999787e+00
-2.490000000000000213e+00
-4.540000000000000036e+00
-2.060000000000000053e+00
-5.120000000000000107e+00
-1.000000000000000000e+00
-1.169999999999999929e+00
-1.000000000000000000e+00
-4.790000000000000036e+00
-1.000000000000000000e+00
-5.059999999999999609e+00
-1.000000000000000000e+00
-1.000000000000000000e+00
-1.000000000000000000e+00
-1.000000000000000000e+00
-1.000000000000000000e+00
-1.000000000000000000e+00
-1.024999999999999911e+00
-1.000000000000000000e+00
-1.000000000000000000e+00
-1.000000000000000000e+00
-3.770000000000000018e+00
-1.000000000000000000e+00
-1.129999999999999893e+00
-1.000000000000000000e+00
-6.709999999999999964e+00
-1.000000000000000000e+00
-1.034999999999999920e+00
-4.099999999999999645e+00
-3.319999999999999840e+00
-1.000000000000000000e+00
-4.059999999999999609e+00
-1.000000000000000000e+00
-1.205000000000000071e+00
-3.040000000000000036e+00
-1.600000000000000089e+00
-3.060000000000000053e+00
-1.000000000000000000e+00
-4.009999999999999787e+00
-1.000000000000000000e+00
-1.709999999999999964e+00
-1.000000000000000000e+00
-3.310000000000000053e+00
-1.000000000000000000e+00
-1.679999999999999938e+00
-1.000000000000000000e+00
-2.649999999999999911e+00
-1.000000000000000000e+00
-2.350000000000000089e+00
-1.000000000000000000e+00
-2.910000000000000142e+00
-1.000000000000000000e+00
-1.000000000000000000e+00
-1.760000000000000009e+00
-2.200000000000000178e+00
-2.689999999999999947e+00
-1.500000000000000000e+00
-4.219999999999999751e+00
-2.189999999999999947e+00
-1.000000000000000000e+00
-4.650000000000000355e+00
-1.360000000000000098e+00
-1.959999999999999964e+00
-4.799999999999999822e+00
-6.240000000000000213e+00
-2.479999999999999982e+00
-2.709999999999999964e+00
-4.330000000000000071e+00
-3.129999999999999893e+00
-3.930000000000000160e+00
-1.270000000000000018e+00
-1.239999999999999991e+00
-1.000000000000000000e+00
-1.000000000000000000e+00
-1.000000000000000000e+00
-1.000000000000000000e+00
-1.364999999999999991e+00
-1.000000000000000000e+00
-1.199999999999999956e+00
-1.000000000000000000e+00
-1.000000000000000000e+00
-1.000000000000000000e+00
-1.000000000000000000e+00
-1.000000000000000000e+00
-1.000000000000000000e+00
-1.969999999999999973e+00
-7.669999999999999929e+00
-1.379999999999999893e+00
-1.050000000000000044e+00
-1.000000000000000000e+00
-1.000000000000000000e+00
-1.000000000000000000e+00
-1.000000000000000000e+00
-1.209999999999999964e+00
-1.709999999999999964e+00
-4.030000000000000249e+00
-1.120000000000000107e+00
-1.000000000000000000e+00
-1.030000000000000027e+00
-3.654999999999999805e+00
-3.779999999999999805e+00
-2.779999999999999805e+00
-1.729999999999999982e+00
-3.529999999999999805e+00
-5.059999999999999609e+00
-3.729999999999999982e+00
-1.000000000000000000e+00
-3.750000000000000000e+00
-3.759999999999999787e+00
-4.080000000000000071e+00
-2.529999999999999805e+00
-2.970000000000000195e+00
-1.310000000000000053e+00
-4.700000000000000178e+00
-1.040000000000000036e+00
-2.029999999999999805e+00
-3.109999999999999876e+00
-1.510000000000000009e+00
-1.000000000000000000e+00
-2.740000000000000213e+00
-1.000000000000000000e+00
-1.185000000000000053e+00
-1.254999999999999893e+00
-1.419999999999999929e+00
-2.729999999999999982e+00
-2.439999999999999947e+00
-1.610000000000000098e+00
-1.000000000000000000e+00
-1.000000000000000000e+00
-2.339999999999999858e+00
-1.000000000000000000e+00
-1.370000000000000107e+00
-4.849999999999999645e+00
-1.909999999999999920e+00
-1.780000000000000027e+00
-1.169999999999999929e+00
-1.000000000000000000e+00
-1.489999999999999991e+00
-2.000000000000000000e+00
-1.000000000000000000e+00
-4.750000000000000000e+00
-3.879999999999999893e+00
-1.000000000000000000e+00
-3.560000000000000053e+00
-1.000000000000000000e+00
-3.259999999999999787e+00
-1.000000000000000000e+00
-1.324999999999999956e+00
-1.000000000000000000e+00
-1.000000000000000000e+00
-1.320000000000000062e+00
-1.000000000000000000e+00
-1.000000000000000000e+00
-1.000000000000000000e+00
-1.000000000000000000e+00
-1.000000000000000000e+00
-1.014999999999999902e+00
-4.809999999999999609e+00
-1.000000000000000000e+00
-1.084999999999999964e+00
-1.000000000000000000e+00
-1.465000000000000080e+00
-1.304999999999999938e+00
-1.000000000000000000e+00
-1.000000000000000000e+00
-1.000000000000000000e+00
-1.000000000000000000e+00
-1.209999999999999964e+00
-1.000000000000000000e+00
-1.000000000000000000e+00
-1.000000000000000000e+00
-5.955000000000000071e+00
-2.375000000000000000e+00
-2.700000000000000178e+00
-1.000000000000000000e+00
-1.000000000000000000e+00
-1.000000000000000000e+00
-1.000000000000000000e+00
-1.455000000000000071e+00
-1.000000000000000000e+00
-1.000000000000000000e+00
-1.000000000000000000e+00
-1.000000000000000000e+00
-1.000000000000000000e+00
-1.000000000000000000e+00
-1.000000000000000000e+00
-1.000000000000000000e+00
-1.000000000000000000e+00
-1.000000000000000000e+00
-1.000000000000000000e+00
-1.000000000000000000e+00
-1.000000000000000000e+00
-1.000000000000000000e+00
-1.000000000000000000e+00
-2.305000000000000160e+00
-2.694999999999999840e+00
-1.024999999999999911e+00
-4.459999999999999964e+00
-2.339999999999999858e+00
-1.000000000000000000e+00
-1.000000000000000000e+00
-1.000000000000000000e+00
-1.000000000000000000e+00
-1.000000000000000000e+00
-1.000000000000000000e+00
-2.154999999999999805e+00
-1.239999999999999991e+00
-1.000000000000000000e+00
-1.000000000000000000e+00
-1.000000000000000000e+00
-1.500000000000000000e+00
-1.000000000000000000e+00
-1.000000000000000000e+00
-1.000000000000000000e+00
-1.000000000000000000e+00
-1.000000000000000000e+00
-1.000000000000000000e+00
-1.000000000000000000e+00
-1.000000000000000000e+00
-1.000000000000000000e+00
-1.000000000000000000e+00
-1.000000000000000000e+00
-1.000000000000000000e+00
-1.959999999999999964e+00
-1.000000000000000000e+00
-1.485000000000000098e+00
-1.000000000000000000e+00
-1.000000000000000000e+00
-1.000000000000000000e+00
-2.205000000000000071e+00
-1.000000000000000000e+00
-1.050000000000000044e+00
-2.129999999999999893e+00
-3.120000000000000107e+00
-2.379999999999999893e+00
-1.790000000000000036e+00
-2.915000000000000036e+00
-1.014999999999999902e+00
-3.450000000000000178e+00
-4.809999999999999609e+00
-6.700000000000000178e+00
-3.729999999999999982e+00
-1.729999999999999982e+00
-3.790000000000000036e+00
-1.199999999999999956e+00
-2.020000000000000018e+00
-4.839999999999999858e+00
-3.310000000000000053e+00
-1.000000000000000000e+00
-2.319999999999999840e+00
-4.110000000000000320e+00
-5.690000000000000391e+00
-1.510000000000000009e+00
-1.110000000000000098e+00
-2.640000000000000124e+00
-4.490000000000000213e+00
-2.520000000000000018e+00
-2.189999999999999947e+00
-2.060000000000000053e+00
-2.549999999999999822e+00
-3.520000000000000018e+00
-2.790000000000000036e+00
-3.419999999999999929e+00
-1.000000000000000000e+00
-3.069999999999999840e+00
-4.179999999999999716e+00
-1.875000000000000000e+00
-1.000000000000000000e+00
-1.000000000000000000e+00
-1.000000000000000000e+00
-1.000000000000000000e+00
-1.000000000000000000e+00
-1.000000000000000000e+00
-1.979999999999999982e+00
-1.000000000000000000e+00
-1.000000000000000000e+00
-2.229999999999999982e+00
-1.000000000000000000e+00
-1.000000000000000000e+00
-1.000000000000000000e+00
-1.000000000000000000e+00
-1.000000000000000000e+00
-1.000000000000000000e+00
-1.000000000000000000e+00
-1.000000000000000000e+00
-1.000000000000000000e+00
-1.000000000000000000e+00
-1.000000000000000000e+00
-3.669999999999999929e+00
-2.129999999999999893e+00
-2.520000000000000018e+00
-2.200000000000000178e+00
-2.120000000000000107e+00
-2.330000000000000071e+00
-3.549999999999999822e+00
-2.129999999999999893e+00
-1.000000000000000000e+00
-1.000000000000000000e+00
-1.000000000000000000e+00
-1.000000000000000000e+00
-1.000000000000000000e+00
-1.000000000000000000e+00
-1.000000000000000000e+00
-1.000000000000000000e+00
-1.000000000000000000e+00
-1.429999999999999938e+00
-1.889999999999999902e+00
-1.000000000000000000e+00
-3.930000000000000160e+00
-1.000000000000000000e+00
-1.000000000000000000e+00
-1.000000000000000000e+00
-5.849999999999999645e+00
-1.000000000000000000e+00
-6.049999999999999822e+00
-1.000000000000000000e+00
-1.739999999999999991e+00
-1.165000000000000036e+00
-1.280000000000000027e+00
-1.000000000000000000e+00
-1.034999999999999920e+00
-1.000000000000000000e+00
-1.000000000000000000e+00
-1.000000000000000000e+00
-3.584999999999999964e+00
-1.000000000000000000e+00
-1.000000000000000000e+00
-1.000000000000000000e+00
-1.000000000000000000e+00
-1.000000000000000000e+00
-1.294999999999999929e+00
-1.000000000000000000e+00
-1.000000000000000000e+00
-1.000000000000000000e+00
-1.000000000000000000e+00
-1.000000000000000000e+00
-1.000000000000000000e+00
-1.000000000000000000e+00
-1.000000000000000000e+00
-1.000000000000000000e+00
-1.000000000000000000e+00
-1.000000000000000000e+00
-1.489999999999999991e+00
-2.305000000000000160e+00
-1.489999999999999991e+00
-1.000000000000000000e+00
-1.375000000000000000e+00
-1.000000000000000000e+00
-1.000000000000000000e+00
-1.000000000000000000e+00
-1.000000000000000000e+00
-1.000000000000000000e+00
-1.060000000000000053e+00
-1.000000000000000000e+00
-2.694999999999999840e+00
-1.000000000000000000e+00
-1.185000000000000053e+00
-1.135000000000000009e+00
-1.000000000000000000e+00
-1.000000000000000000e+00
-6.459999999999999964e+00
-1.000000000000000000e+00
-2.430000000000000160e+00
-1.000000000000000000e+00
-2.649999999999999911e+00
-1.000000000000000000e+00
-5.639999999999999680e+00
-1.000000000000000000e+00
-7.280000000000000249e+00
-1.000000000000000000e+00
-1.000000000000000000e+00
-1.000000000000000000e+00
-2.250000000000000000e+00
-1.610000000000000098e+00
-1.024999999999999911e+00
