-1.479368932038835016e+00
-1.164319248826291009e+00
-1.054999999999999938e+00
-9.162303664921466195e-01
-1.064999999999999947e+00
-1.125000000000000000e+00
-1.145000000000000018e+00
-1.104999999999999982e+00
-2.592592592592592449e-01
-1.054999999999999938e+00
-1.060000000000000053e+00
-1.120000000000000107e+00
-7.777777777777777901e-01
-1.159999999999999920e+00
-7.254575707154742314e-01
-1.090000000000000080e+00
-8.106060606060605522e-01
-5.026178010471203939e-01
-1.145000000000000018e+00
-1.090000000000000080e+00
-1.084999999999999964e+00
-6.491228070175438791e-01
-6.508728179551122039e-01
-6.860465116279069742e-01
-1.080000000000000071e+00
-4.444444444444444198e-01
-1.139999999999999902e+00
-6.487603305785123453e-01
-3.537414965986394599e-01
-7.763864042933810161e-01
-1.114999999999999991e+00
-1.120000000000000107e+00
-1.090000000000000080e+00
-9.076086956521739468e-01
-1.034999999999999920e+00
-9.312169312169311652e-01
-1.070000000000000062e+00
-6.540880503144653746e-01
-4.554455445544554615e-01
-1.000000000000000000e+00
-5.895522388059701857e-01
-3.172690763052208873e-01
-3.950177935943060548e-01
-1.159999999999999920e+00
-5.742092457420924223e-01
-2.171717171717171824e-01
-1.000000000000000000e+00
-3.559322033898305038e-01
1.513157894736842091e-01
-7.379912663755459068e-01
-1.124260355029585851e-01
-1.120000000000000107e+00
-8.927765237020316436e-01
-1.098901098901098987e-02
-3.133047210300429208e-01
-1.159999999999999920e+00
3.475177304964539027e-01
-1.120000000000000107e+00
-5.797101449275362528e-01
-1.408450704225352144e-02
-2.116182572614107860e-01
-4.864864864864865135e-01
7.558139534883720478e-02
-5.888888888888889062e-01
-7.861842105263158187e-01
-4.006309148264984299e-01
1.250000000000000000e-01
-4.127516778523490082e-01
2.500000000000000000e-01
-5.323741007194244812e-01
-5.774647887323943740e-01
-7.676282051282051766e-01
7.256637168141593097e-01
-8.735511064278187465e-01
5.811965811965812412e-01
8.280254777070063243e-02
5.234375000000000000e-01
-3.940886699507389207e-02
2.341772151898734167e-01
4.233576642335766249e-01
-3.103448275862069061e-01
-1.136363636363636326e-01
-8.914431673052363170e-01
1.720588235294117752e+00
1.289156626506024139e+00
-1.250000000000000000e-01
5.000000000000000000e-01
7.924528301886792914e-01
-4.590643274853801192e-01
1.532467532467532534e+00
1.419753086419753008e-01
2.362068965517241548e+00
3.175675675675675436e-01
1.746478873239436513e+00
9.696969696969697239e-01
8.137254901960784270e-01
1.171052631578947345e+00
1.430555555555555580e+00
-8.493975903614457978e-01
2.999999999999999889e-01
-7.582938388625592996e-02
6.666666666666666297e-01
2.055555555555555358e+00
1.468354430379746889e+00
9.879518072289156239e-01
-1.139999999999999902e+00
2.043795620437956206e-01
3.756097560975609539e+00
4.015151515151514916e-01
8.396226415094339979e-01
1.039473684210526327e+00
3.404761904761904656e+00
1.746478873239436513e+00
2.111801242236024945e-01
1.534246575342465668e+00
3.953488372093023062e-01
1.966101694915254328e+00
1.402597402597402620e+00
3.642857142857142794e+00
2.936170212765957466e+00
7.105263157894736725e-01
9.270833333333333703e-01
2.454545454545454586e+00
3.756097560975609539e+00
3.333333333333333481e+00
3.431818181818181657e+00
2.362068965517241548e+00
2.207547169811320931e+00
6.326530612244898322e-01
3.239130434782608869e+00
4.270270270270270174e+00
3.062500000000000000e+00
3.333333333333333481e+00
3.534883720930232620e+00
3.642857142857142794e+00
3.204545454545454586e+00
3.875000000000000000e+00
3.302325581395348930e+00
4.270270270270270174e+00
4.131578947368421240e+00
1.844827586206896575e+00
4.270270270270270174e+00
4.131578947368421240e+00
2.367346938775510168e+00
3.534883720930232620e+00
4.000000000000000000e+00
3.756097560975609539e+00
3.750000000000000000e+00
3.166666666666666519e+00
4.270270270270270174e+00
3.875000000000000000e+00
3.418604651162790553e+00
3.756097560975609539e+00
4.131578947368421240e+00
3.625000000000000000e+00
3.204545454545454586e+00
4.000000000000000000e+00
4.131578947368421240e+00
3.642857142857142794e+00
3.431818181818181657e+00
2.979591836734694077e+00
3.875000000000000000e+00
3.431818181818181657e+00
2.958333333333333481e+00
3.431818181818181657e+00
3.756097560975609539e+00
3.756097560975609539e+00
2.571428571428571619e+00
3.875000000000000000e+00
3.418604651162790553e+00
3.534883720930232620e+00
3.204545454545454586e+00
3.512195121951219523e+00
3.148936170212766061e+00
3.000000000000000000e+00
3.069767441860465240e+00
3.239130434782608869e+00
3.642857142857142794e+00
3.875000000000000000e+00
3.404761904761904656e+00
3.285714285714285587e+00
3.642857142857142794e+00
4.285714285714285587e+00
3.431818181818181657e+00
4.000000000000000000e+00
3.625000000000000000e+00
3.756097560975609539e+00
3.868421052631578760e+00
4.000000000000000000e+00
3.404761904761904656e+00
2.888888888888888840e+00
3.302325581395348930e+00
4.131578947368421240e+00
3.534883720930232620e+00
3.333333333333333481e+00
3.148936170212766061e+00
3.333333333333333481e+00
3.512195121951219523e+00
2.297872340425532123e+00
3.418604651162790553e+00
3.534883720930232620e+00
4.131578947368421240e+00
3.534883720930232620e+00
3.333333333333333481e+00
3.756097560975609539e+00
3.512195121951219523e+00
3.634146341463414753e+00
2.775510204081632626e+00
3.239130434782608869e+00
3.148936170212766061e+00
3.875000000000000000e+00
2.979591836734694077e+00
4.000000000000000000e+00
3.523809523809523725e+00
4.000000000000000000e+00
4.000000000000000000e+00
2.936170212765957466e+00
3.743589743589743613e+00
3.148936170212766061e+00
4.270270270270270174e+00
3.148936170212766061e+00
3.756097560975609539e+00
2.977272727272727071e+00
2.888888888888888840e+00
3.750000000000000000e+00
2.958333333333333481e+00
4.131578947368421240e+00
3.062500000000000000e+00
3.871794871794871806e+00
3.756097560975609539e+00
3.875000000000000000e+00
3.285714285714285587e+00
3.302325581395348930e+00
4.131578947368421240e+00
3.625000000000000000e+00
2.775510204081632626e+00
4.131578947368421240e+00
3.875000000000000000e+00
4.270270270270270174e+00
3.268292682926829062e+00
4.270270270270270174e+00
3.750000000000000000e+00
3.634146341463414753e+00
2.977272727272727071e+00
3.634146341463414753e+00
3.512195121951219523e+00
3.743589743589743613e+00
3.333333333333333481e+00
3.333333333333333481e+00
3.642857142857142794e+00
3.512195121951219523e+00
3.333333333333333481e+00
3.534883720930232620e+00
3.318181818181818343e+00
3.318181818181818343e+00
2.557692307692307487e+00
3.302325581395348930e+00
4.000000000000000000e+00
3.512195121951219523e+00
3.333333333333333481e+00
3.534883720930232620e+00
3.222222222222222321e+00
3.000000000000000000e+00
3.186046511627906863e+00
3.875000000000000000e+00
4.270270270270270174e+00
4.000000000000000000e+00
3.756097560975609539e+00
3.302325581395348930e+00
4.000000000000000000e+00
3.333333333333333481e+00
3.333333333333333481e+00
3.333333333333333481e+00
3.534883720930232620e+00
4.000000000000000000e+00
4.270270270270270174e+00
3.404761904761904656e+00
3.512195121951219523e+00
3.875000000000000000e+00
3.875000000000000000e+00
4.131578947368421240e+00
3.750000000000000000e+00
3.404761904761904656e+00
2.888888888888888840e+00
4.000000000000000000e+00
3.000000000000000000e+00
3.431818181818181657e+00
3.534883720930232620e+00
3.166666666666666519e+00
3.642857142857142794e+00
3.204545454545454586e+00
3.743589743589743613e+00
2.936170212765957466e+00
3.404761904761904656e+00
3.333333333333333481e+00
3.534883720930232620e+00
3.431818181818181657e+00
3.756097560975609539e+00
3.756097560975609539e+00
4.000000000000000000e+00
2.979591836734694077e+00
3.534883720930232620e+00
3.756097560975609539e+00
4.000000000000000000e+00
3.512195121951219523e+00
3.875000000000000000e+00
3.333333333333333481e+00
3.204545454545454586e+00
3.204545454545454586e+00
3.756097560975609539e+00
4.000000000000000000e+00
3.204545454545454586e+00
4.270270270270270174e+00
3.743589743589743613e+00
2.804347826086956541e+00
3.743589743589743613e+00
3.431818181818181657e+00
3.204545454545454586e+00
3.756097560975609539e+00
2.272727272727272929e+00
3.166666666666666519e+00
3.186046511627906863e+00
4.000000000000000000e+00
2.679245283018867774e+00
3.875000000000000000e+00
3.512195121951219523e+00
3.239130434782608869e+00
2.775510204081632626e+00
3.302325581395348930e+00
3.875000000000000000e+00
3.000000000000000000e+00
3.222222222222222321e+00
3.534883720930232620e+00
4.000000000000000000e+00
3.625000000000000000e+00
3.642857142857142794e+00
3.534883720930232620e+00
2.700000000000000178e+00
4.270270270270270174e+00
2.888888888888888840e+00
3.634146341463414753e+00
3.534883720930232620e+00
3.431818181818181657e+00
3.642857142857142794e+00
3.021739130434782705e+00
3.111111111111111160e+00
3.302325581395348930e+00
4.131578947368421240e+00
3.431818181818181657e+00
4.000000000000000000e+00
4.000000000000000000e+00
3.130434782608695787e+00
2.854166666666666519e+00
3.756097560975609539e+00
3.431818181818181657e+00
3.318181818181818343e+00
3.875000000000000000e+00
4.131578947368421240e+00
4.131578947368421240e+00
3.285714285714285587e+00
2.627450980392156854e+00
3.148936170212766061e+00
2.888888888888888840e+00
4.000000000000000000e+00
3.871794871794871806e+00
3.534883720930232620e+00
4.131578947368421240e+00
2.469387755102040671e+00
3.634146341463414753e+00
3.431818181818181657e+00
3.418604651162790553e+00
3.642857142857142794e+00
3.111111111111111160e+00
3.534883720930232620e+00
3.534883720930232620e+00
3.512195121951219523e+00
4.000000000000000000e+00
3.333333333333333481e+00
2.804347826086956541e+00
4.000000000000000000e+00
3.875000000000000000e+00
4.000000000000000000e+00
3.756097560975609539e+00
3.534883720930232620e+00
2.823529411764706065e+00
3.871794871794871806e+00
3.062500000000000000e+00
3.239130434782608869e+00
3.333333333333333481e+00
3.204545454545454586e+00
3.431818181818181657e+00
2.780487804878048586e+00
3.148936170212766061e+00
2.627450980392156854e+00
3.302325581395348930e+00
3.875000000000000000e+00
4.131578947368421240e+00
4.270270270270270174e+00
3.625000000000000000e+00
3.302325581395348930e+00
3.318181818181818343e+00
3.642857142857142794e+00
3.390243902439024293e+00
4.000000000000000000e+00
3.642857142857142794e+00
4.131578947368421240e+00
3.875000000000000000e+00
2.490566037735848948e+00
2.854166666666666519e+00
3.875000000000000000e+00
3.642857142857142794e+00
3.756097560975609539e+00
4.000000000000000000e+00
4.131578947368421240e+00
3.871794871794871806e+00
3.239130434782608869e+00
4.000000000000000000e+00
3.756097560975609539e+00
2.913043478260869623e+00
4.270270270270270174e+00
3.302325581395348930e+00
3.512195121951219523e+00
3.431818181818181657e+00
3.756097560975609539e+00
2.673469387755102122e+00
4.131578947368421240e+00
3.634146341463414753e+00
4.000000000000000000e+00
3.756097560975609539e+00
4.270270270270270174e+00
3.625000000000000000e+00
3.404761904761904656e+00
3.302325581395348930e+00
3.875000000000000000e+00
3.333333333333333481e+00
3.534883720930232620e+00
4.000000000000000000e+00
3.642857142857142794e+00
3.239130434782608869e+00
2.913043478260869623e+00
3.642857142857142794e+00
4.000000000000000000e+00
3.268292682926829062e+00
3.875000000000000000e+00
3.756097560975609539e+00
3.431818181818181657e+00
3.743589743589743613e+00
3.431818181818181657e+00
3.204545454545454586e+00
4.000000000000000000e+00
3.871794871794871806e+00
3.756097560975609539e+00
3.534883720930232620e+00
3.431818181818181657e+00
2.936170212765957466e+00
3.534883720930232620e+00
3.418604651162790553e+00
3.318181818181818343e+00
3.512195121951219523e+00
3.148936170212766061e+00
4.131578947368421240e+00
3.512195121951219523e+00
3.404761904761904656e+00
3.431818181818181657e+00
3.756097560975609539e+00
4.000000000000000000e+00
2.723404255319148870e+00
3.111111111111111160e+00
3.756097560975609539e+00
3.875000000000000000e+00
3.756097560975609539e+00
3.729729729729729826e+00
3.534883720930232620e+00
3.333333333333333481e+00
4.000000000000000000e+00
3.404761904761904656e+00
4.000000000000000000e+00
3.729729729729729826e+00
3.756097560975609539e+00
3.318181818181818343e+00
3.642857142857142794e+00
3.729729729729729826e+00
3.523809523809523725e+00
3.523809523809523725e+00
4.270270270270270174e+00
3.642857142857142794e+00
3.239130434782608869e+00
1.966101694915254328e+00
2.936170212765957466e+00
3.634146341463414753e+00
3.239130434782608869e+00
3.875000000000000000e+00
3.062500000000000000e+00
3.404761904761904656e+00
3.642857142857142794e+00
3.743589743589743613e+00
3.418604651162790553e+00
3.333333333333333481e+00
3.021739130434782705e+00
3.062500000000000000e+00
3.534883720930232620e+00
3.756097560975609539e+00
2.775510204081632626e+00
2.645833333333333481e+00
4.270270270270270174e+00
2.936170212765957466e+00
3.875000000000000000e+00
2.636363636363636243e+00
3.204545454545454586e+00
3.743589743589743613e+00
3.130434782608695787e+00
3.534883720930232620e+00
4.000000000000000000e+00
2.899999999999999911e+00
3.875000000000000000e+00
4.000000000000000000e+00
3.431818181818181657e+00
3.431818181818181657e+00
3.756097560975609539e+00
4.000000000000000000e+00
2.529411764705882248e+00
3.302325581395348930e+00
3.875000000000000000e+00
4.000000000000000000e+00
4.270270270270270174e+00
3.756097560975609539e+00
2.181818181818181657e+00
3.756097560975609539e+00
2.888888888888888840e+00
3.523809523809523725e+00
3.875000000000000000e+00
4.000000000000000000e+00
3.239130434782608869e+00
4.000000000000000000e+00
3.534883720930232620e+00
3.642857142857142794e+00
3.204545454545454586e+00
3.868421052631578760e+00
2.500000000000000000e+00
2.240740740740740922e+00
3.868421052631578760e+00
4.000000000000000000e+00
2.936170212765957466e+00
3.333333333333333481e+00
3.642857142857142794e+00
4.000000000000000000e+00
4.000000000000000000e+00
3.418604651162790553e+00
3.512195121951219523e+00
2.877551020408163129e+00
3.642857142857142794e+00
1.946428571428571397e+00
3.021739130434782705e+00
3.431818181818181657e+00
3.239130434782608869e+00
3.756097560975609539e+00
2.557692307692307487e+00
3.333333333333333481e+00
4.131578947368421240e+00
3.642857142857142794e+00
3.431818181818181657e+00
3.302325581395348930e+00
4.000000000000000000e+00
3.875000000000000000e+00
3.875000000000000000e+00
3.534883720930232620e+00
3.130434782608695787e+00
4.000000000000000000e+00
3.512195121951219523e+00
3.375000000000000000e+00
4.270270270270270174e+00
2.510638297872340274e+00
2.854166666666666519e+00
3.404761904761904656e+00
3.875000000000000000e+00
3.333333333333333481e+00
3.268292682926829062e+00
3.239130434782608869e+00
3.431818181818181657e+00
3.642857142857142794e+00
3.875000000000000000e+00
4.000000000000000000e+00
2.461538461538461675e+00
3.062500000000000000e+00
3.418604651162790553e+00
2.799999999999999822e+00
4.131578947368421240e+00
3.333333333333333481e+00
3.642857142857142794e+00
3.875000000000000000e+00
2.913043478260869623e+00
3.512195121951219523e+00
2.775510204081632626e+00
3.642857142857142794e+00
3.111111111111111160e+00
3.642857142857142794e+00
3.875000000000000000e+00
3.042553191489361541e+00
2.775510204081632626e+00
4.131578947368421240e+00
2.854166666666666519e+00
3.875000000000000000e+00
3.642857142857142794e+00
3.875000000000000000e+00
4.000000000000000000e+00
3.111111111111111160e+00
3.642857142857142794e+00
2.673469387755102122e+00
3.534883720930232620e+00
3.000000000000000000e+00
2.775510204081632626e+00
3.239130434782608869e+00
3.875000000000000000e+00
4.000000000000000000e+00
4.000000000000000000e+00
3.875000000000000000e+00
2.936170212765957466e+00
3.534883720930232620e+00
4.000000000000000000e+00
4.000000000000000000e+00
3.534883720930232620e+00
3.875000000000000000e+00
3.418604651162790553e+00
3.021739130434782705e+00
2.695652173913043459e+00
3.302325581395348930e+00
3.021739130434782705e+00
4.270270270270270174e+00
3.625000000000000000e+00
3.868421052631578760e+00
3.534883720930232620e+00
3.756097560975609539e+00
3.625000000000000000e+00
2.557692307692307487e+00
3.239130434782608869e+00
1.536231884057970953e+00
4.131578947368421240e+00
4.000000000000000000e+00
3.756097560975609539e+00
4.000000000000000000e+00
3.239130434782608869e+00
3.021739130434782705e+00
3.512195121951219523e+00
3.534883720930232620e+00
3.534883720930232620e+00
2.723404255319148870e+00
3.642857142857142794e+00
2.500000000000000000e+00
3.534883720930232620e+00
3.756097560975609539e+00
3.404761904761904656e+00
3.523809523809523725e+00
4.131578947368421240e+00
3.021739130434782705e+00
3.743589743589743613e+00
3.642857142857142794e+00
3.871794871794871806e+00
3.634146341463414753e+00
3.534883720930232620e+00
3.333333333333333481e+00
3.318181818181818343e+00
3.062500000000000000e+00
3.431818181818181657e+00
3.239130434782608869e+00
4.000000000000000000e+00
3.431818181818181657e+00
3.431818181818181657e+00
3.534883720930232620e+00
4.000000000000000000e+00
2.777777777777777679e+00
3.431818181818181657e+00
2.700000000000000178e+00
3.875000000000000000e+00
3.534883720930232620e+00
3.756097560975609539e+00
2.125000000000000000e+00
3.868421052631578760e+00
2.775510204081632626e+00
3.431818181818181657e+00
3.062500000000000000e+00
4.131578947368421240e+00
3.130434782608695787e+00
3.756097560975609539e+00
3.534883720930232620e+00
3.642857142857142794e+00
4.000000000000000000e+00
3.302325581395348930e+00
3.756097560975609539e+00
3.239130434782608869e+00
3.625000000000000000e+00
3.333333333333333481e+00
3.642857142857142794e+00
3.534883720930232620e+00
3.512195121951219523e+00
3.148936170212766061e+00
3.239130434782608869e+00
4.131578947368421240e+00
3.642857142857142794e+00
3.875000000000000000e+00
3.642857142857142794e+00
3.871794871794871806e+00
3.756097560975609539e+00
3.871794871794871806e+00
3.625000000000000000e+00
4.000000000000000000e+00
3.285714285714285587e+00
3.642857142857142794e+00
2.627450980392156854e+00
3.523809523809523725e+00
3.642857142857142794e+00
4.131578947368421240e+00
3.333333333333333481e+00
3.756097560975609539e+00
4.270270270270270174e+00
3.239130434782608869e+00
3.062500000000000000e+00
4.000000000000000000e+00
4.000000000000000000e+00
3.239130434782608869e+00
3.148936170212766061e+00
3.404761904761904656e+00
2.700000000000000178e+00
3.204545454545454586e+00
3.333333333333333481e+00
3.418604651162790553e+00
3.534883720930232620e+00
3.875000000000000000e+00
3.868421052631578760e+00
2.750000000000000000e+00
3.875000000000000000e+00
3.756097560975609539e+00
3.743589743589743613e+00
3.875000000000000000e+00
3.069767441860465240e+00
3.756097560975609539e+00
4.270270270270270174e+00
3.756097560975609539e+00
3.418604651162790553e+00
3.239130434782608869e+00
3.512195121951219523e+00
3.431818181818181657e+00
3.111111111111111160e+00
3.868421052631578760e+00
3.756097560975609539e+00
3.111111111111111160e+00
2.679245283018867774e+00
3.534883720930232620e+00
3.390243902439024293e+00
4.270270270270270174e+00
4.000000000000000000e+00
2.627450980392156854e+00
4.131578947368421240e+00
3.239130434782608869e+00
2.750000000000000000e+00
3.875000000000000000e+00
2.469387755102040671e+00
3.418604651162790553e+00
2.541666666666666519e+00
3.534883720930232620e+00
3.756097560975609539e+00
4.000000000000000000e+00
3.868421052631578760e+00
3.875000000000000000e+00
2.888888888888888840e+00
3.302325581395348930e+00
3.431818181818181657e+00
2.877551020408163129e+00
3.756097560975609539e+00
3.756097560975609539e+00
2.303571428571428381e+00
3.642857142857142794e+00
3.021739130434782705e+00
3.090909090909090828e+00
4.270270270270270174e+00
3.642857142857142794e+00
2.490566037735848948e+00
4.000000000000000000e+00
3.148936170212766061e+00
4.000000000000000000e+00
3.743589743589743613e+00
3.534883720930232620e+00
4.135135135135135087e+00
3.333333333333333481e+00
3.534883720930232620e+00
3.634146341463414753e+00
4.270270270270270174e+00
3.743589743589743613e+00
3.333333333333333481e+00
3.642857142857142794e+00
3.534883720930232620e+00
3.634146341463414753e+00
3.534883720930232620e+00
4.000000000000000000e+00
3.512195121951219523e+00
3.756097560975609539e+00
4.000000000000000000e+00
2.775510204081632626e+00
3.534883720930232620e+00
2.627450980392156854e+00
3.148936170212766061e+00
3.634146341463414753e+00
3.642857142857142794e+00
3.404761904761904656e+00
4.131578947368421240e+00
3.318181818181818343e+00
3.875000000000000000e+00
3.625000000000000000e+00
2.700000000000000178e+00
4.131578947368421240e+00
3.512195121951219523e+00
2.301886792452830122e+00
3.743589743589743613e+00
3.534883720930232620e+00
2.396226415094339757e+00
3.642857142857142794e+00
2.645833333333333481e+00
3.634146341463414753e+00
2.823529411764706065e+00
2.750000000000000000e+00
3.642857142857142794e+00
2.775510204081632626e+00
3.871794871794871806e+00
2.977272727272727071e+00
4.000000000000000000e+00
3.512195121951219523e+00
3.642857142857142794e+00
3.756097560975609539e+00
4.000000000000000000e+00
4.000000000000000000e+00
3.130434782608695787e+00
3.042553191489361541e+00
3.431818181818181657e+00
2.611111111111111160e+00
3.756097560975609539e+00
3.642857142857142794e+00
2.804347826086956541e+00
3.534883720930232620e+00
3.333333333333333481e+00
3.404761904761904656e+00
3.404761904761904656e+00
3.625000000000000000e+00
3.148936170212766061e+00
2.301886792452830122e+00
2.750000000000000000e+00
3.062500000000000000e+00
3.021739130434782705e+00
3.534883720930232620e+00
3.302325581395348930e+00
4.270270270270270174e+00
3.021739130434782705e+00
4.000000000000000000e+00
2.775510204081632626e+00
3.875000000000000000e+00
4.000000000000000000e+00
3.042553191489361541e+00
4.000000000000000000e+00
3.534883720930232620e+00
3.204545454545454586e+00
3.318181818181818343e+00
3.302325581395348930e+00
2.936170212765957466e+00
3.642857142857142794e+00
2.083333333333333481e+00
2.645833333333333481e+00
3.062500000000000000e+00
3.239130434782608869e+00
3.875000000000000000e+00
2.804347826086956541e+00
4.270270270270270174e+00
3.642857142857142794e+00
2.936170212765957466e+00
2.977272727272727071e+00
4.000000000000000000e+00
3.642857142857142794e+00
4.000000000000000000e+00
4.270270270270270174e+00
3.302325581395348930e+00
3.875000000000000000e+00
3.047619047619047450e+00
3.204545454545454586e+00
3.512195121951219523e+00
3.375000000000000000e+00
3.111111111111111160e+00
2.750000000000000000e+00
2.235294117647058876e+00
3.111111111111111160e+00
3.431818181818181657e+00
3.239130434782608869e+00
3.642857142857142794e+00
1.844827586206896575e+00
2.367346938775510168e+00
3.642857142857142794e+00
2.750000000000000000e+00
3.875000000000000000e+00
2.679245283018867774e+00
3.642857142857142794e+00
3.871794871794871806e+00
2.700000000000000178e+00
3.642857142857142794e+00
3.090909090909090828e+00
3.756097560975609539e+00
4.000000000000000000e+00
3.431818181818181657e+00
3.756097560975609539e+00
3.111111111111111160e+00
3.130434782608695787e+00
2.804347826086956541e+00
3.333333333333333481e+00
3.534883720930232620e+00
4.270270270270270174e+00
3.875000000000000000e+00
2.557692307692307487e+00
4.000000000000000000e+00
2.936170212765957466e+00
3.431818181818181657e+00
2.750000000000000000e+00
3.634146341463414753e+00
3.404761904761904656e+00
3.523809523809523725e+00
2.365384615384615419e+00
3.000000000000000000e+00
3.431818181818181657e+00
3.642857142857142794e+00
3.534883720930232620e+00
2.958333333333333481e+00
4.000000000000000000e+00
3.204545454545454586e+00
3.875000000000000000e+00
3.186046511627906863e+00
3.042553191489361541e+00
3.318181818181818343e+00
3.333333333333333481e+00
3.512195121951219523e+00
4.270270270270270174e+00
4.131578947368421240e+00
3.302325581395348930e+00
3.333333333333333481e+00
3.404761904761904656e+00
3.418604651162790553e+00
3.534883720930232620e+00
2.979591836734694077e+00
3.148936170212766061e+00
3.111111111111111160e+00
3.642857142857142794e+00
3.512195121951219523e+00
3.512195121951219523e+00
3.875000000000000000e+00
3.756097560975609539e+00
3.756097560975609539e+00
4.138888888888889284e+00
2.600000000000000089e+00
3.431818181818181657e+00
3.756097560975609539e+00
3.512195121951219523e+00
3.302325581395348930e+00
3.500000000000000000e+00
3.239130434782608869e+00
2.299999999999999822e+00
3.302325581395348930e+00
3.756097560975609539e+00
3.875000000000000000e+00
3.642857142857142794e+00
3.642857142857142794e+00
3.512195121951219523e+00
2.725490196078431460e+00
2.863636363636363757e+00
4.000000000000000000e+00
3.642857142857142794e+00
3.534883720930232620e+00
3.534883720930232620e+00
3.642857142857142794e+00
2.557692307692307487e+00
2.571428571428571619e+00
3.302325581395348930e+00
3.534883720930232620e+00
2.958333333333333481e+00
2.979591836734694077e+00
4.270270270270270174e+00
3.875000000000000000e+00
3.204545454545454586e+00
3.431818181818181657e+00
3.534883720930232620e+00
3.333333333333333481e+00
3.875000000000000000e+00
3.042553191489361541e+00
3.634146341463414753e+00
3.062500000000000000e+00
3.239130434782608869e+00
3.431818181818181657e+00
3.431818181818181657e+00
3.111111111111111160e+00
2.482142857142857206e+00
3.512195121951219523e+00
3.000000000000000000e+00
3.512195121951219523e+00
2.953488372093023173e+00
2.372093023255814170e+00
4.270270270270270174e+00
3.756097560975609539e+00
3.204545454545454586e+00
