-1.318471337579617764e+00
-1.550000000000000044e+00
-1.054999999999999938e+00
-1.125000000000000000e+00
-1.129999999999999893e+00
-1.280000000000000027e+00
-7.938829787234042978e-01
-8.947368421052631637e-01
-8.114434330299089559e-01
-1.040000000000000036e+00
-1.129999999999999893e+00
-1.074999999999999956e+00
-9.303797468354430000e-01
-1.125000000000000000e+00
-2.670157068062827266e-01
-7.339246119733924267e-01
-9.493927125506073095e-01
-1.074999999999999956e+00
-6.987951807228915957e-01
-7.269624573378840049e-01
-1.100000000000000089e+00
-5.216049382716049232e-01
-7.318611987381703488e-01
-1.044999999999999929e+00
-5.738636363636363535e-01
-5.068493150684931781e-01
-1.165000000000000036e+00
-4.000000000000000222e-01
-6.521739130434782705e-01
-8.437500000000000000e-01
-1.060000000000000053e+00
-7.900466562986002694e-01
-1.110000000000000098e+00
-3.478260869565217295e-01
-1.084999999999999964e+00
-7.628865979381442841e-01
-6.428571428571429047e-01
-3.884892086330935523e-01
-1.080000000000000071e+00
-8.541114058355437910e-01
-9.549549549549549710e-01
-9.722222222222222376e-02
-2.801556420233463074e-01
-6.035242290748898952e-01
-4.017094017094017255e-01
-5.910290237467018537e-01
-3.461538461538461453e-01
-6.369294605809128207e-01
1.801242236024844789e-01
-1.504854368932038722e-01
-1.155000000000000027e+00
-5.772946859903381744e-01
-6.308724832214764877e-01
-7.908366533864541470e-01
-1.229999999999999982e+00
-1.080000000000000071e+00
-6.845124282982791852e-01
-9.620801733477789552e-01
-1.070000000000000062e+00
-1.054999999999999938e+00
-1.030000000000000027e+00
-9.014336917562724150e-01
-8.035487959442332295e-01
-3.644067796610169219e-01
-8.125000000000000000e-01
-1.090000000000000080e+00
-6.428571428571429047e-01
-8.624338624338624415e-01
-6.854838709677418818e-01
-4.347826086956521618e-01
-6.695095948827292087e-01
-2.708333333333333148e-01
-2.127659574468085124e-01
-9.476987447698744793e-01
-9.313725490196078649e-02
-3.321917808219178037e-01
-2.857142857142856984e-01
-1.326530612244898044e-01
-5.252225519287834210e-01
-8.205928237129485048e-01
-2.289719626168224276e-01
-4.107744107744107920e-01
-4.164037854889590107e-01
-1.125000000000000000e+00
-8.586387434554973996e-01
-5.263157894736841813e-02
-3.833333333333333592e-01
-3.367346938775510057e-01
-8.789101917255297547e-01
-4.179104477611940149e-01
-6.914893617021276861e-02
2.012987012987013102e-01
-8.887765419615774043e-01
-1.880341880341880323e-01
-8.450704225352112520e-02
-6.020408163265306145e-01
-1.094999999999999973e+00
7.727272727272727071e-01
-3.461538461538461453e-01
1.349693251533742311e-01
1.538461538461538547e-01
4.028776978417266119e-01
7.734806629834253822e-02
1.212121212121212155e-01
-2.512077294685990392e-01
-1.118421052631578955e-01
-8.878504672897195860e-02
1.651515151515151603e+00
8.224299065420560551e-01
4.233576642335766249e-01
-9.793814432989690622e-02
-1.120000000000000107e+00
3.671875000000000000e-01
8.055555555555555802e-01
1.890243902439024404e-01
-5.000000000000000278e-02
1.600000000000000089e+00
1.317073170731707377e+00
3.671875000000000000e-01
2.837209302325581550e+00
7.452830188679244738e-01
1.468354430379746889e+00
-3.632958801498127333e-01
8.055555555555555802e-01
1.096774193548387011e+00
3.523809523809523725e+00
2.039215686274509665e+00
-2.369477911646586388e-01
3.042553191489361541e+00
2.758620689655172376e-01
3.069767441860465240e+00
3.431818181818181657e+00
2.750000000000000000e+00
3.431818181818181657e+00
2.823529411764706065e+00
4.000000000000000000e+00
2.936170212765957466e+00
4.270270270270270174e+00
3.431818181818181657e+00
3.431818181818181657e+00
3.534883720930232620e+00
3.756097560975609539e+00
3.333333333333333481e+00
3.148936170212766061e+00
2.571428571428571619e+00
3.875000000000000000e+00
3.756097560975609539e+00
3.634146341463414753e+00
3.302325581395348930e+00
1.402597402597402620e+00
3.756097560975609539e+00
3.756097560975609539e+00
3.111111111111111160e+00
4.131578947368421240e+00
3.222222222222222321e+00
2.888888888888888840e+00
4.000000000000000000e+00
4.000000000000000000e+00
4.131578947368421240e+00
2.804347826086956541e+00
3.512195121951219523e+00
1.228915662650602370e+00
3.875000000000000000e+00
3.523809523809523725e+00
3.111111111111111160e+00
3.130434782608695787e+00
3.756097560975609539e+00
4.000000000000000000e+00
3.431818181818181657e+00
3.523809523809523725e+00
3.756097560975609539e+00
3.333333333333333481e+00
2.750000000000000000e+00
3.642857142857142794e+00
3.875000000000000000e+00
3.642857142857142794e+00
4.000000000000000000e+00
3.875000000000000000e+00
3.642857142857142794e+00
3.431818181818181657e+00
3.431818181818181657e+00
3.756097560975609539e+00
3.431818181818181657e+00
3.512195121951219523e+00
3.642857142857142794e+00
3.375000000000000000e+00
4.000000000000000000e+00
2.775510204081632626e+00
4.270270270270270174e+00
2.611111111111111160e+00
3.523809523809523725e+00
3.431818181818181657e+00
4.270270270270270174e+00
2.899999999999999911e+00
4.000000000000000000e+00
3.418604651162790553e+00
3.130434782608695787e+00
3.750000000000000000e+00
2.888888888888888840e+00
4.000000000000000000e+00
3.875000000000000000e+00
2.557692307692307487e+00
3.302325581395348930e+00
3.642857142857142794e+00
4.000000000000000000e+00
3.431818181818181657e+00
2.571428571428571619e+00
3.130434782608695787e+00
3.239130434782608869e+00
4.270270270270270174e+00
3.534883720930232620e+00
3.875000000000000000e+00
3.875000000000000000e+00
3.111111111111111160e+00
3.750000000000000000e+00
3.756097560975609539e+00
3.148936170212766061e+00
3.534883720930232620e+00
3.062500000000000000e+00
4.000000000000000000e+00
3.743589743589743613e+00
3.222222222222222321e+00
4.270270270270270174e+00
3.868421052631578760e+00
3.642857142857142794e+00
3.222222222222222321e+00
3.634146341463414753e+00
4.131578947368421240e+00
2.899999999999999911e+00
4.131578947368421240e+00
3.042553191489361541e+00
3.318181818181818343e+00
4.000000000000000000e+00
3.523809523809523725e+00
3.090909090909090828e+00
3.021739130434782705e+00
3.239130434782608869e+00
3.642857142857142794e+00
4.270270270270270174e+00
2.979591836734694077e+00
2.645833333333333481e+00
2.723404255319148870e+00
3.333333333333333481e+00
3.333333333333333481e+00
3.111111111111111160e+00
3.062500000000000000e+00
3.756097560975609539e+00
3.062500000000000000e+00
3.875000000000000000e+00
2.490566037735848948e+00
3.634146341463414753e+00
3.756097560975609539e+00
3.868421052631578760e+00
3.130434782608695787e+00
3.534883720930232620e+00
2.299999999999999822e+00
3.021739130434782705e+00
3.302325581395348930e+00
4.000000000000000000e+00
3.431818181818181657e+00
4.270270270270270174e+00
3.642857142857142794e+00
3.729729729729729826e+00
5.277777777777777901e-01
3.875000000000000000e+00
4.000000000000000000e+00
3.333333333333333481e+00
3.148936170212766061e+00
3.431818181818181657e+00
2.899999999999999911e+00
3.534883720930232620e+00
3.148936170212766061e+00
3.148936170212766061e+00
3.333333333333333481e+00
3.523809523809523725e+00
3.512195121951219523e+00
3.756097560975609539e+00
3.418604651162790553e+00
4.000000000000000000e+00
4.131578947368421240e+00
3.743589743589743613e+00
2.928571428571428381e+00
4.285714285714285587e+00
2.723404255319148870e+00
2.854166666666666519e+00
3.222222222222222321e+00
3.431818181818181657e+00
4.000000000000000000e+00
3.756097560975609539e+00
3.318181818181818343e+00
3.333333333333333481e+00
4.270270270270270174e+00
3.000000000000000000e+00
3.642857142857142794e+00
2.557692307692307487e+00
3.186046511627906863e+00
3.069767441860465240e+00
4.270270270270270174e+00
3.239130434782608869e+00
4.000000000000000000e+00
4.000000000000000000e+00
3.756097560975609539e+00
2.645833333333333481e+00
4.000000000000000000e+00
3.756097560975609539e+00
3.431818181818181657e+00
3.534883720930232620e+00
2.854166666666666519e+00
3.534883720930232620e+00
3.642857142857142794e+00
3.431818181818181657e+00
3.642857142857142794e+00
2.979591836734694077e+00
3.523809523809523725e+00
4.270270270270270174e+00
3.868421052631578760e+00
3.512195121951219523e+00
2.545454545454545414e+00
4.270270270270270174e+00
3.756097560975609539e+00
3.062500000000000000e+00
3.069767441860465240e+00
3.534883720930232620e+00
4.000000000000000000e+00
3.431818181818181657e+00
3.625000000000000000e+00
3.130434782608695787e+00
3.148936170212766061e+00
3.523809523809523725e+00
3.431818181818181657e+00
3.418604651162790553e+00
4.000000000000000000e+00
2.913043478260869623e+00
3.642857142857142794e+00
3.111111111111111160e+00
3.062500000000000000e+00
2.979591836734694077e+00
2.700000000000000178e+00
4.000000000000000000e+00
3.148936170212766061e+00
3.756097560975609539e+00
3.523809523809523725e+00
3.333333333333333481e+00
3.333333333333333481e+00
3.333333333333333481e+00
4.000000000000000000e+00
2.936170212765957466e+00
2.396226415094339757e+00
3.743589743589743613e+00
3.111111111111111160e+00
3.404761904761904656e+00
3.534883720930232620e+00
3.021739130434782705e+00
3.130434782608695787e+00
3.642857142857142794e+00
3.534883720930232620e+00
3.534883720930232620e+00
3.642857142857142794e+00
3.204545454545454586e+00
3.333333333333333481e+00
2.275862068965517349e+00
3.634146341463414753e+00
2.979591836734694077e+00
3.404761904761904656e+00
2.645833333333333481e+00
4.000000000000000000e+00
3.333333333333333481e+00
2.653846153846153744e+00
3.333333333333333481e+00
3.534883720930232620e+00
3.204545454545454586e+00
3.642857142857142794e+00
3.642857142857142794e+00
3.875000000000000000e+00
3.875000000000000000e+00
4.270270270270270174e+00
3.756097560975609539e+00
3.756097560975609539e+00
3.111111111111111160e+00
2.627450980392156854e+00
3.062500000000000000e+00
3.523809523809523725e+00
4.000000000000000000e+00
3.756097560975609539e+00
3.875000000000000000e+00
3.534883720930232620e+00
3.431818181818181657e+00
4.000000000000000000e+00
3.534883720930232620e+00
2.571428571428571619e+00
3.534883720930232620e+00
3.523809523809523725e+00
3.625000000000000000e+00
2.775510204081632626e+00
3.634146341463414753e+00
3.625000000000000000e+00
3.625000000000000000e+00
4.131578947368421240e+00
3.069767441860465240e+00
3.021739130434782705e+00
4.000000000000000000e+00
4.000000000000000000e+00
4.000000000000000000e+00
3.534883720930232620e+00
4.000000000000000000e+00
3.756097560975609539e+00
2.750000000000000000e+00
3.042553191489361541e+00
4.131578947368421240e+00
2.431372549019607643e+00
3.431818181818181657e+00
2.979591836734694077e+00
4.000000000000000000e+00
3.204545454545454586e+00
3.875000000000000000e+00
3.534883720930232620e+00
3.634146341463414753e+00
3.756097560975609539e+00
4.131578947368421240e+00
3.204545454545454586e+00
2.877551020408163129e+00
3.642857142857142794e+00
3.418604651162790553e+00
2.979591836734694077e+00
4.270270270270270174e+00
2.557692307692307487e+00
3.875000000000000000e+00
3.534883720930232620e+00
3.111111111111111160e+00
4.000000000000000000e+00
3.239130434782608869e+00
2.936170212765957466e+00
3.239130434782608869e+00
3.148936170212766061e+00
3.871794871794871806e+00
3.756097560975609539e+00
3.333333333333333481e+00
3.418604651162790553e+00
4.131578947368421240e+00
3.021739130434782705e+00
3.756097560975609539e+00
3.642857142857142794e+00
4.000000000000000000e+00
3.512195121951219523e+00
4.270270270270270174e+00
2.673469387755102122e+00
3.130434782608695787e+00
4.131578947368421240e+00
2.888888888888888840e+00
4.000000000000000000e+00
3.404761904761904656e+00
3.021739130434782705e+00
2.977272727272727071e+00
3.875000000000000000e+00
4.270270270270270174e+00
3.750000000000000000e+00
4.000000000000000000e+00
3.302325581395348930e+00
3.062500000000000000e+00
3.875000000000000000e+00
4.138888888888889284e+00
2.899999999999999911e+00
3.148936170212766061e+00
3.756097560975609539e+00
4.000000000000000000e+00
2.627450980392156854e+00
2.958333333333333481e+00
3.534883720930232620e+00
2.854166666666666519e+00
3.534883720930232620e+00
3.756097560975609539e+00
3.642857142857142794e+00
3.756097560975609539e+00
2.977272727272727071e+00
2.181818181818181657e+00
3.130434782608695787e+00
4.000000000000000000e+00
3.431818181818181657e+00
3.333333333333333481e+00
3.512195121951219523e+00
3.333333333333333481e+00
2.645833333333333481e+00
4.131578947368421240e+00
3.431818181818181657e+00
2.913043478260869623e+00
2.303571428571428381e+00
3.625000000000000000e+00
3.743589743589743613e+00
2.936170212765957466e+00
2.936170212765957466e+00
3.743589743589743613e+00
4.285714285714285587e+00
3.534883720930232620e+00
3.239130434782608869e+00
4.000000000000000000e+00
2.899999999999999911e+00
3.756097560975609539e+00
3.431818181818181657e+00
4.270270270270270174e+00
3.222222222222222321e+00
3.642857142857142794e+00
3.148936170212766061e+00
3.268292682926829062e+00
3.756097560975609539e+00
3.166666666666666519e+00
3.333333333333333481e+00
4.000000000000000000e+00
3.250000000000000000e+00
3.534883720930232620e+00
3.642857142857142794e+00
3.302325581395348930e+00
4.131578947368421240e+00
3.431818181818181657e+00
2.454545454545454586e+00
3.756097560975609539e+00
4.000000000000000000e+00
2.979591836734694077e+00
3.431818181818181657e+00
3.404761904761904656e+00
1.954545454545454586e+00
2.877551020408163129e+00
4.000000000000000000e+00
2.700000000000000178e+00
2.899999999999999911e+00
3.642857142857142794e+00
3.302325581395348930e+00
3.222222222222222321e+00
3.534883720930232620e+00
4.000000000000000000e+00
3.148936170212766061e+00
3.431818181818181657e+00
3.875000000000000000e+00
2.854166666666666519e+00
2.977272727272727071e+00
3.431818181818181657e+00
4.270270270270270174e+00
3.062500000000000000e+00
4.270270270270270174e+00
3.642857142857142794e+00
3.431818181818181657e+00
4.000000000000000000e+00
4.000000000000000000e+00
3.756097560975609539e+00
3.642857142857142794e+00
3.534883720930232620e+00
4.270270270270270174e+00
3.333333333333333481e+00
2.396226415094339757e+00
2.888888888888888840e+00
3.642857142857142794e+00
1.890625000000000000e+00
2.365384615384615419e+00
4.270270270270270174e+00
3.756097560975609539e+00
3.021739130434782705e+00
2.829787234042553390e+00
3.756097560975609539e+00
3.204545454545454586e+00
3.864864864864864913e+00
3.333333333333333481e+00
3.268292682926829062e+00
3.268292682926829062e+00
3.756097560975609539e+00
3.625000000000000000e+00
3.756097560975609539e+00
3.634146341463414753e+00
4.270270270270270174e+00
3.000000000000000000e+00
3.875000000000000000e+00
4.131578947368421240e+00
3.756097560975609539e+00
3.534883720930232620e+00
3.062500000000000000e+00
2.627450980392156854e+00
3.512195121951219523e+00
2.363636363636363757e+00
3.148936170212766061e+00
2.425925925925926041e+00
3.756097560975609539e+00
2.823529411764706065e+00
3.148936170212766061e+00
3.130434782608695787e+00
3.534883720930232620e+00
2.977272727272727071e+00
2.979591836734694077e+00
2.490566037735848948e+00
3.148936170212766061e+00
4.000000000000000000e+00
4.000000000000000000e+00
2.936170212765957466e+00
3.534883720930232620e+00
4.270270270270270174e+00
3.642857142857142794e+00
3.534883720930232620e+00
4.000000000000000000e+00
3.431818181818181657e+00
4.270270270270270174e+00
3.512195121951219523e+00
3.756097560975609539e+00
2.979591836734694077e+00
3.642857142857142794e+00
2.837209302325581550e+00
3.875000000000000000e+00
3.512195121951219523e+00
3.431818181818181657e+00
3.487179487179487225e+00
4.270270270270270174e+00
3.756097560975609539e+00
3.302325581395348930e+00
4.000000000000000000e+00
3.222222222222222321e+00
3.634146341463414753e+00
2.936170212765957466e+00
3.534883720930232620e+00
3.090909090909090828e+00
3.875000000000000000e+00
3.268292682926829062e+00
4.000000000000000000e+00
2.913043478260869623e+00
3.625000000000000000e+00
3.868421052631578760e+00
2.979591836734694077e+00
4.000000000000000000e+00
3.404761904761904656e+00
3.642857142857142794e+00
3.418604651162790553e+00
4.270270270270270174e+00
2.877551020408163129e+00
3.642857142857142794e+00
3.062500000000000000e+00
2.541666666666666519e+00
3.069767441860465240e+00
3.756097560975609539e+00
4.000000000000000000e+00
3.512195121951219523e+00
3.431818181818181657e+00
3.148936170212766061e+00
3.642857142857142794e+00
3.404761904761904656e+00
2.679245283018867774e+00
2.461538461538461675e+00
3.042553191489361541e+00
3.062500000000000000e+00
2.723404255319148870e+00
3.756097560975609539e+00
3.534883720930232620e+00
2.899999999999999911e+00
3.634146341463414753e+00
3.239130434782608869e+00
3.523809523809523725e+00
3.148936170212766061e+00
3.875000000000000000e+00
3.642857142857142794e+00
2.490566037735848948e+00
3.534883720930232620e+00
2.750000000000000000e+00
4.000000000000000000e+00
3.642857142857142794e+00
3.418604651162790553e+00
3.625000000000000000e+00
3.642857142857142794e+00
3.431818181818181657e+00
3.642857142857142794e+00
3.431818181818181657e+00
4.135135135135135087e+00
3.431818181818181657e+00
3.625000000000000000e+00
2.958333333333333481e+00
3.418604651162790553e+00
3.875000000000000000e+00
3.062500000000000000e+00
3.404761904761904656e+00
3.333333333333333481e+00
3.756097560975609539e+00
3.875000000000000000e+00
4.285714285714285587e+00
3.756097560975609539e+00
3.111111111111111160e+00
2.953488372093023173e+00
3.642857142857142794e+00
3.204545454545454586e+00
3.021739130434782705e+00
3.404761904761904656e+00
3.875000000000000000e+00
3.534883720930232620e+00
3.148936170212766061e+00
3.642857142857142794e+00
3.534883720930232620e+00
3.333333333333333481e+00
3.642857142857142794e+00
3.239130434782608869e+00
3.875000000000000000e+00
4.000000000000000000e+00
3.523809523809523725e+00
3.090909090909090828e+00
3.130434782608695787e+00
3.875000000000000000e+00
3.534883720930232620e+00
3.634146341463414753e+00
2.977272727272727071e+00
3.875000000000000000e+00
3.333333333333333481e+00
3.333333333333333481e+00
4.270270270270270174e+00
3.743589743589743613e+00
2.854166666666666519e+00
3.875000000000000000e+00
2.804347826086956541e+00
3.750000000000000000e+00
3.871794871794871806e+00
3.642857142857142794e+00
3.756097560975609539e+00
3.750000000000000000e+00
2.695652173913043459e+00
3.756097560975609539e+00
3.875000000000000000e+00
3.021739130434782705e+00
3.756097560975609539e+00
4.131578947368421240e+00
3.756097560975609539e+00
3.186046511627906863e+00
3.642857142857142794e+00
3.166666666666666519e+00
3.625000000000000000e+00
3.222222222222222321e+00
3.875000000000000000e+00
3.148936170212766061e+00
2.979591836734694077e+00
4.000000000000000000e+00
2.979591836734694077e+00
2.979591836734694077e+00
3.868421052631578760e+00
4.131578947368421240e+00
4.131578947368421240e+00
3.634146341463414753e+00
3.534883720930232620e+00
3.756097560975609539e+00
2.979591836734694077e+00
3.239130434782608869e+00
3.431818181818181657e+00
4.000000000000000000e+00
3.404761904761904656e+00
3.523809523809523725e+00
3.875000000000000000e+00
3.069767441860465240e+00
3.302325581395348930e+00
3.111111111111111160e+00
3.756097560975609539e+00
2.899999999999999911e+00
3.875000000000000000e+00
4.000000000000000000e+00
4.131578947368421240e+00
2.936170212765957466e+00
3.634146341463414753e+00
4.000000000000000000e+00
3.634146341463414753e+00
2.600000000000000089e+00
3.431818181818181657e+00
3.871794871794871806e+00
4.000000000000000000e+00
3.534883720930232620e+00
2.979591836734694077e+00
3.743589743589743613e+00
3.239130434782608869e+00
3.642857142857142794e+00
2.269230769230769162e+00
4.131578947368421240e+00
3.487179487179487225e+00
4.000000000000000000e+00
4.000000000000000000e+00
3.642857142857142794e+00
2.700000000000000178e+00
4.270270270270270174e+00
2.301886792452830122e+00
4.000000000000000000e+00
3.871794871794871806e+00
3.875000000000000000e+00
3.333333333333333481e+00
2.645833333333333481e+00
3.318181818181818343e+00
4.000000000000000000e+00
3.634146341463414753e+00
3.642857142857142794e+00
3.148936170212766061e+00
3.875000000000000000e+00
3.239130434782608869e+00
3.634146341463414753e+00
3.239130434782608869e+00
3.756097560975609539e+00
4.131578947368421240e+00
3.534883720930232620e+00
3.404761904761904656e+00
3.875000000000000000e+00
3.756097560975609539e+00
3.534883720930232620e+00
3.431818181818181657e+00
3.268292682926829062e+00
3.534883720930232620e+00
3.239130434782608869e+00
3.871794871794871806e+00
3.186046511627906863e+00
4.270270270270270174e+00
3.431818181818181657e+00
3.062500000000000000e+00
3.021739130434782705e+00
4.131578947368421240e+00
2.627450980392156854e+00
3.534883720930232620e+00
3.642857142857142794e+00
3.404761904761904656e+00
3.431818181818181657e+00
3.431818181818181657e+00
3.111111111111111160e+00
2.617021276595744794e+00
3.418604651162790553e+00
2.611111111111111160e+00
4.000000000000000000e+00
2.979591836734694077e+00
3.534883720930232620e+00
3.222222222222222321e+00
4.131578947368421240e+00
4.270270270270270174e+00
3.062500000000000000e+00
3.534883720930232620e+00
3.642857142857142794e+00
2.679245283018867774e+00
3.302325581395348930e+00
3.743589743589743613e+00
4.000000000000000000e+00
3.062500000000000000e+00
3.222222222222222321e+00
3.534883720930232620e+00
3.534883720930232620e+00
3.222222222222222321e+00
3.625000000000000000e+00
3.642857142857142794e+00
3.756097560975609539e+00
3.534883720930232620e+00
2.611111111111111160e+00
4.000000000000000000e+00
3.000000000000000000e+00
3.431818181818181657e+00
3.625000000000000000e+00
3.042553191489361541e+00
3.875000000000000000e+00
3.756097560975609539e+00
3.875000000000000000e+00
3.534883720930232620e+00
2.600000000000000089e+00
2.490566037735848948e+00
2.979591836734694077e+00
3.756097560975609539e+00
3.431818181818181657e+00
4.131578947368421240e+00
2.936170212765957466e+00
3.431818181818181657e+00
3.875000000000000000e+00
2.979591836734694077e+00
3.743589743589743613e+00
3.148936170212766061e+00
2.113207547169811296e+00
3.875000000000000000e+00
3.875000000000000000e+00
3.487179487179487225e+00
4.131578947368421240e+00
3.756097560975609539e+00
3.875000000000000000e+00
3.062500000000000000e+00
3.000000000000000000e+00
3.756097560975609539e+00
3.875000000000000000e+00
3.318181818181818343e+00
3.534883720930232620e+00
3.756097560975609539e+00
3.756097560975609539e+00
3.302325581395348930e+00
3.534883720930232620e+00
3.431818181818181657e+00
3.756097560975609539e+00
3.875000000000000000e+00
3.042553191489361541e+00
3.756097560975609539e+00
4.000000000000000000e+00
3.875000000000000000e+00
4.000000000000000000e+00
3.404761904761904656e+00
3.756097560975609539e+00
4.000000000000000000e+00
2.936170212765957466e+00
3.756097560975609539e+00
3.875000000000000000e+00
3.333333333333333481e+00
2.854166666666666519e+00
4.270270270270270174e+00
2.557692307692307487e+00
3.625000000000000000e+00
3.021739130434782705e+00
2.979591836734694077e+00
3.404761904761904656e+00
4.138888888888889284e+00
3.875000000000000000e+00
3.431818181818181657e+00
3.875000000000000000e+00
3.431818181818181657e+00
3.534883720930232620e+00
4.131578947368421240e+00
3.333333333333333481e+00
3.333333333333333481e+00
3.512195121951219523e+00
2.611111111111111160e+00
2.404255319148936199e+00
3.431818181818181657e+00
3.642857142857142794e+00
3.634146341463414753e+00
3.756097560975609539e+00
3.625000000000000000e+00
4.000000000000000000e+00
3.756097560975609539e+00
3.166666666666666519e+00
3.534883720930232620e+00
3.239130434782608869e+00
3.534883720930232620e+00
3.523809523809523725e+00
4.270270270270270174e+00
4.270270270270270174e+00
3.756097560975609539e+00
2.877551020408163129e+00
3.069767441860465240e+00
3.333333333333333481e+00
4.135135135135135087e+00
3.186046511627906863e+00
3.431818181818181657e+00
2.953488372093023173e+00
3.534883720930232620e+00
3.875000000000000000e+00
3.756097560975609539e+00
3.069767441860465240e+00
4.000000000000000000e+00
3.111111111111111160e+00
3.021739130434782705e+00
4.270270270270270174e+00
4.000000000000000000e+00
3.875000000000000000e+00
3.111111111111111160e+00
3.642857142857142794e+00
3.111111111111111160e+00
2.627450980392156854e+00
3.186046511627906863e+00
3.642857142857142794e+00
2.679245283018867774e+00
3.534883720930232620e+00
3.333333333333333481e+00
3.875000000000000000e+00
3.021739130434782705e+00
2.333333333333333481e+00
3.642857142857142794e+00
3.534883720930232620e+00
3.756097560975609539e+00
3.148936170212766061e+00
3.875000000000000000e+00
3.204545454545454586e+00
3.404761904761904656e+00
3.000000000000000000e+00
2.979591836734694077e+00
2.958333333333333481e+00
3.431818181818181657e+00
3.239130434782608869e+00
3.756097560975609539e+00
2.979591836734694077e+00
2.877551020408163129e+00
3.222222222222222321e+00
2.750000000000000000e+00
3.268292682926829062e+00
3.756097560975609539e+00
3.090909090909090828e+00
3.512195121951219523e+00
2.936170212765957466e+00
3.534883720930232620e+00
4.000000000000000000e+00
3.534883720930232620e+00
3.875000000000000000e+00
3.750000000000000000e+00
3.523809523809523725e+00
3.324324324324324120e+00
2.829787234042553390e+00
3.868421052631578760e+00
2.899999999999999911e+00
2.518518518518518601e+00
3.431818181818181657e+00
3.404761904761904656e+00
3.756097560975609539e+00
3.431818181818181657e+00
2.854166666666666519e+00
3.333333333333333481e+00
3.318181818181818343e+00
2.700000000000000178e+00
2.679245283018867774e+00
3.534883720930232620e+00
3.750000000000000000e+00
3.756097560975609539e+00
