-1.457516339869280975e+00
-1.310000000000000053e+00
-1.070000000000000062e+00
-1.060000000000000053e+00
-1.129999999999999893e+00
-1.096371882086167870e+00
-1.145000000000000018e+00
-1.149999999999999911e+00
-9.898580121703853818e-01
-1.155000000000000027e+00
-1.050000000000000044e+00
-1.070000000000000062e+00
-1.054999999999999938e+00
-1.090000000000000080e+00
-1.135000000000000009e+00
-1.074999999999999956e+00
-1.135000000000000009e+00
-1.155000000000000027e+00
-7.155688622754491357e-01
-5.985401459854015060e-01
-7.495961227786752668e-01
-8.257372654155495928e-01
-1.100000000000000089e+00
-3.916349809885931732e-01
-7.555555555555555358e-01
-4.728915662650602370e-01
-9.722991689750692945e-01
-3.181818181818181768e-01
-9.217935349322210481e-01
-9.311440677966101864e-01
-3.454545454545454586e-01
-1.100000000000000089e+00
-6.420047732696897436e-01
-3.404255319148936088e-01
-1.110000000000000098e+00
-6.852300242130751062e-01
-5.609756097560976151e-01
-1.094999999999999973e+00
-7.786720321931589472e-01
-1.104999999999999982e+00
-5.490716180371353339e-01
-6.833773087071239871e-01
-1.064999999999999947e+00
-2.773437500000000000e-01
-5.000000000000000000e-01
4.634146341463414864e-01
-7.212543554006968227e-01
-6.484375000000000000e-01
-8.190348525469168806e-01
-6.963562753036437458e-01
-6.537678207739308078e-01
-5.492957746478873693e-01
-1.070000000000000062e+00
-6.109510086455330891e-01
-2.857142857142856984e-01
-5.179063360881542843e-01
-1.229999999999999982e+00
-1.060000000000000053e+00
-1.129999999999999893e+00
-5.913978494623656212e-02
-1.135000000000000009e+00
-1.120000000000000107e+00
-1.054999999999999938e+00
-8.524844720496894679e-01
-5.437956204379561509e-01
-6.181384248210023413e-01
-1.262135922330097082e-01
-1.129999999999999893e+00
4.519774011299435013e-02
-2.985074626865671585e-02
3.461538461538461453e-01
5.586592178770949900e-03
1.010869565217391353e+00
-9.055118110236219930e-01
-2.528735632183908288e-01
-1.054999999999999938e+00
-5.489690721649485017e-01
-4.987146529562981878e-01
-1.064999999999999947e+00
-1.074999999999999956e+00
-5.776255707762557590e-01
-1.040000000000000036e+00
-1.020000000000000018e+00
-8.264781491002570757e-01
-1.104999999999999982e+00
-8.512585812356979753e-01
-1.034999999999999920e+00
-6.138613861386138515e-01
-1.064999999999999947e+00
-1.074999999999999956e+00
-1.060000000000000053e+00
-9.337016574585634832e-01
-5.136778115501520192e-01
-1.030000000000000027e+00
-1.010000000000000009e+00
-1.060000000000000053e+00
-7.041420118343195700e-01
-1.010000000000000009e+00
-6.233766233766233622e-01
-8.335183129855715523e-01
-5.454545454545454142e-01
-5.182291666666666297e-01
-7.020484171322159961e-01
-1.255605381165919299e-01
5.586592178770949900e-03
1.036269430051813510e-02
1.102272727272727293e+00
3.740458015267175695e-01
1.407407407407407440e+00
6.711409395973154217e-03
1.345679012345678993e+00
2.114754098360655643e+00
1.708333333333333259e+00
2.095238095238095344e+00
2.482142857142857206e+00
2.046875000000000000e+00
1.692307692307692291e+00
6.086956521739130821e-01
-1.030000000000000027e+00
-8.156182212581344348e-01
-1.064999999999999947e+00
-1.064999999999999947e+00
-2.094017094017094072e-01
-1.110000000000000098e+00
-6.984126984126983739e-01
-4.396551724137930939e-01
2.056737588652482185e-01
-7.276853252647503822e-01
1.746478873239436513e+00
-1.070000000000000062e+00
-6.637168141592920678e-01
-6.500000000000000222e-01
2.941176470588235253e-02
6.509433962264150608e-01
6.990291262135922556e-01
-8.231292517006802978e-01
-1.000000000000000000e+00
-7.299270072992700698e-01
2.541666666666666519e+00
-1.030000000000000027e+00
-8.608137044967879570e-01
-2.616033755274261852e-01
-2.060085836909871237e-01
1.761194029850746245e+00
3.356164383561643927e-01
8.316831683168316447e-01
2.333333333333333481e+00
3.642857142857142794e+00
3.431818181818181657e+00
3.148936170212766061e+00
2.979591836734694077e+00
3.642857142857142794e+00
2.750000000000000000e+00
3.204545454545454586e+00
3.875000000000000000e+00
2.979591836734694077e+00
3.333333333333333481e+00
3.239130434782608869e+00
2.173076923076922906e+00
3.418604651162790553e+00
4.270270270270270174e+00
3.534883720930232620e+00
3.431818181818181657e+00
2.899999999999999911e+00
3.875000000000000000e+00
3.333333333333333481e+00
4.131578947368421240e+00
4.131578947368421240e+00
2.679245283018867774e+00
3.534883720930232620e+00
3.875000000000000000e+00
2.301886792452830122e+00
3.021739130434782705e+00
3.431818181818181657e+00
3.642857142857142794e+00
2.557692307692307487e+00
6.228070175438596978e-01
2.500000000000000000e-01
-6.257796257796257589e-01
5.811965811965812412e-01
1.753623188405797118e+00
2.500000000000000000e+00
2.823529411764706065e+00
3.130434782608695787e+00
2.679245283018867774e+00
3.148936170212766061e+00
2.653846153846153744e+00
3.875000000000000000e+00
3.204545454545454586e+00
3.239130434782608869e+00
3.239130434782608869e+00
2.700000000000000178e+00
3.431818181818181657e+00
3.333333333333333481e+00
3.333333333333333481e+00
3.062500000000000000e+00
3.431818181818181657e+00
3.069767441860465240e+00
2.557692307692307487e+00
3.148936170212766061e+00
2.899999999999999911e+00
3.431818181818181657e+00
3.000000000000000000e+00
3.756097560975609539e+00
3.130434782608695787e+00
3.756097560975609539e+00
3.756097560975609539e+00
3.756097560975609539e+00
2.750000000000000000e+00
3.431818181818181657e+00
2.936170212765957466e+00
-1.000000000000000000e+00
-7.580645161290322509e-01
1.312500000000000000e+00
1.468354430379746889e+00
3.418604651162790553e+00
8.750000000000000000e-01
1.267441860465116310e+00
1.720588235294117752e+00
3.534883720930232620e+00
3.634146341463414753e+00
3.756097560975609539e+00
1.857142857142857206e+00
3.750000000000000000e+00
2.679245283018867774e+00
2.723404255319148870e+00
3.148936170212766061e+00
3.534883720930232620e+00
4.270270270270270174e+00
3.743589743589743613e+00
3.642857142857142794e+00
3.875000000000000000e+00
3.418604651162790553e+00
1.600000000000000089e+00
2.363636363636363757e+00
2.461538461538461675e+00
3.642857142857142794e+00
2.482142857142857206e+00
3.418604651162790553e+00
3.302325581395348930e+00
3.534883720930232620e+00
3.186046511627906863e+00
3.404761904761904656e+00
3.642857142857142794e+00
2.804347826086956541e+00
3.111111111111111160e+00
3.756097560975609539e+00
3.333333333333333481e+00
2.775510204081632626e+00
2.958333333333333481e+00
3.756097560975609539e+00
4.000000000000000000e+00
3.743589743589743613e+00
3.302325581395348930e+00
2.135593220338983134e+00
3.642857142857142794e+00
2.899999999999999911e+00
3.239130434782608869e+00
2.823529411764706065e+00
3.642857142857142794e+00
3.062500000000000000e+00
3.090909090909090828e+00
3.523809523809523725e+00
3.021739130434782705e+00
3.756097560975609539e+00
3.534883720930232620e+00
3.239130434782608869e+00
3.404761904761904656e+00
3.333333333333333481e+00
3.642857142857142794e+00
3.875000000000000000e+00
3.204545454545454586e+00
2.725490196078431460e+00
2.979591836734694077e+00
3.148936170212766061e+00
4.131578947368421240e+00
3.130434782608695787e+00
3.642857142857142794e+00
2.958333333333333481e+00
4.270270270270270174e+00
3.523809523809523725e+00
3.642857142857142794e+00
3.512195121951219523e+00
4.000000000000000000e+00
4.270270270270270174e+00
3.302325581395348930e+00
3.875000000000000000e+00
4.000000000000000000e+00
3.021739130434782705e+00
3.148936170212766061e+00
3.875000000000000000e+00
3.875000000000000000e+00
3.333333333333333481e+00
3.239130434782608869e+00
4.000000000000000000e+00
2.700000000000000178e+00
2.245614035087719174e+00
3.390243902439024293e+00
3.642857142857142794e+00
3.239130434782608869e+00
2.303571428571428381e+00
4.131578947368421240e+00
2.936170212765957466e+00
3.431818181818181657e+00
3.512195121951219523e+00
3.534883720930232620e+00
4.000000000000000000e+00
2.365384615384615419e+00
2.362068965517241548e+00
3.756097560975609539e+00
3.875000000000000000e+00
4.270270270270270174e+00
2.829787234042553390e+00
3.431818181818181657e+00
3.062500000000000000e+00
4.000000000000000000e+00
3.268292682926829062e+00
3.062500000000000000e+00
3.302325581395348930e+00
4.135135135135135087e+00
3.868421052631578760e+00
3.130434782608695787e+00
3.500000000000000000e+00
3.750000000000000000e+00
3.431818181818181657e+00
3.021739130434782705e+00
3.871794871794871806e+00
2.958333333333333481e+00
2.500000000000000000e+00
2.571428571428571619e+00
4.000000000000000000e+00
3.431818181818181657e+00
3.642857142857142794e+00
1.936507936507936511e+00
3.062500000000000000e+00
2.444444444444444642e+00
2.478260869565217295e+00
3.148936170212766061e+00
3.642857142857142794e+00
2.214285714285714413e+00
3.431818181818181657e+00
3.431818181818181657e+00
2.936170212765957466e+00
4.000000000000000000e+00
3.431818181818181657e+00
3.333333333333333481e+00
4.270270270270270174e+00
3.625000000000000000e+00
3.534883720930232620e+00
3.090909090909090828e+00
4.000000000000000000e+00
3.534883720930232620e+00
3.875000000000000000e+00
4.270270270270270174e+00
2.181818181818181657e+00
2.958333333333333481e+00
3.062500000000000000e+00
2.750000000000000000e+00
3.756097560975609539e+00
4.000000000000000000e+00
3.204545454545454586e+00
2.979591836734694077e+00
2.823529411764706065e+00
4.270270270270270174e+00
2.977272727272727071e+00
3.404761904761904656e+00
2.113207547169811296e+00
2.913043478260869623e+00
4.000000000000000000e+00
4.000000000000000000e+00
3.333333333333333481e+00
3.512195121951219523e+00
2.600000000000000089e+00
3.148936170212766061e+00
3.431818181818181657e+00
3.375000000000000000e+00
3.186046511627906863e+00
3.487179487179487225e+00
3.090909090909090828e+00
3.642857142857142794e+00
3.418604651162790553e+00
1.878787878787878896e+00
3.875000000000000000e+00
2.700000000000000178e+00
3.148936170212766061e+00
4.000000000000000000e+00
3.431818181818181657e+00
3.642857142857142794e+00
3.431818181818181657e+00
2.936170212765957466e+00
3.512195121951219523e+00
2.627450980392156854e+00
3.875000000000000000e+00
3.756097560975609539e+00
2.725490196078431460e+00
3.239130434782608869e+00
2.750000000000000000e+00
3.431818181818181657e+00
4.000000000000000000e+00
4.131578947368421240e+00
1.094594594594594517e+00
-5.194805194805194315e-01
3.333333333333333481e+00
3.756097560975609539e+00
2.152173913043478048e+00
3.021739130434782705e+00
3.062500000000000000e+00
3.431818181818181657e+00
3.642857142857142794e+00
3.743589743589743613e+00
3.431818181818181657e+00
4.000000000000000000e+00
2.645833333333333481e+00
3.090909090909090828e+00
4.131578947368421240e+00
3.756097560975609539e+00
3.875000000000000000e+00
4.270270270270270174e+00
1.818181818181818121e+00
2.645833333333333481e+00
3.756097560975609539e+00
2.425925925925926041e+00
2.979591836734694077e+00
2.611111111111111160e+00
3.756097560975609539e+00
3.642857142857142794e+00
1.761194029850746245e+00
4.131578947368421240e+00
2.899999999999999911e+00
3.318181818181818343e+00
3.431818181818181657e+00
3.756097560975609539e+00
3.333333333333333481e+00
3.062500000000000000e+00
3.333333333333333481e+00
3.634146341463414753e+00
3.523809523809523725e+00
2.723404255319148870e+00
2.804347826086956541e+00
2.627450980392156854e+00
3.390243902439024293e+00
2.557692307692307487e+00
3.333333333333333481e+00
3.239130434782608869e+00
3.615384615384615419e+00
3.069767441860465240e+00
3.756097560975609539e+00
2.490566037735848948e+00
2.979591836734694077e+00
3.756097560975609539e+00
4.270270270270270174e+00
3.431818181818181657e+00
3.875000000000000000e+00
3.333333333333333481e+00
3.642857142857142794e+00
2.979591836734694077e+00
2.083333333333333481e+00
3.534883720930232620e+00
4.000000000000000000e+00
3.642857142857142794e+00
3.333333333333333481e+00
3.431818181818181657e+00
3.302325581395348930e+00
3.148936170212766061e+00
3.222222222222222321e+00
4.270270270270270174e+00
2.804347826086956541e+00
3.148936170212766061e+00
3.534883720930232620e+00
2.529411764705882248e+00
3.431818181818181657e+00
2.666666666666666519e+00
2.461538461538461675e+00
3.239130434782608869e+00
4.131578947368421240e+00
3.512195121951219523e+00
3.642857142857142794e+00
3.642857142857142794e+00
4.270270270270270174e+00
3.021739130434782705e+00
3.642857142857142794e+00
3.634146341463414753e+00
3.302325581395348930e+00
3.875000000000000000e+00
2.979591836734694077e+00
2.979591836734694077e+00
2.775510204081632626e+00
3.302325581395348930e+00
2.854166666666666519e+00
3.404761904761904656e+00
3.642857142857142794e+00
3.875000000000000000e+00
4.000000000000000000e+00
3.302325581395348930e+00
2.979591836734694077e+00
3.333333333333333481e+00
3.062500000000000000e+00
3.268292682926829062e+00
3.021739130434782705e+00
3.756097560975609539e+00
3.111111111111111160e+00
3.875000000000000000e+00
3.642857142857142794e+00
3.642857142857142794e+00
3.875000000000000000e+00
3.239130434782608869e+00
3.523809523809523725e+00
3.875000000000000000e+00
3.333333333333333481e+00
3.222222222222222321e+00
2.627450980392156854e+00
2.979591836734694077e+00
3.875000000000000000e+00
3.875000000000000000e+00
2.666666666666666519e+00
3.642857142857142794e+00
3.534883720930232620e+00
4.000000000000000000e+00
3.111111111111111160e+00
3.111111111111111160e+00
3.204545454545454586e+00
4.131578947368421240e+00
3.634146341463414753e+00
2.829787234042553390e+00
4.000000000000000000e+00
2.750000000000000000e+00
3.062500000000000000e+00
3.875000000000000000e+00
3.875000000000000000e+00
4.131578947368421240e+00
3.756097560975609539e+00
2.775510204081632626e+00
3.418604651162790553e+00
3.302325581395348930e+00
3.062500000000000000e+00
3.523809523809523725e+00
3.062500000000000000e+00
2.444444444444444642e+00
3.431818181818181657e+00
3.431818181818181657e+00
2.854166666666666519e+00
3.148936170212766061e+00
3.431818181818181657e+00
3.111111111111111160e+00
4.000000000000000000e+00
3.111111111111111160e+00
3.534883720930232620e+00
3.875000000000000000e+00
3.239130434782608869e+00
2.557692307692307487e+00
3.756097560975609539e+00
3.875000000000000000e+00
2.032786885245901676e+00
3.431818181818181657e+00
3.000000000000000000e+00
3.534883720930232620e+00
2.899999999999999911e+00
2.545454545454545414e+00
3.512195121951219523e+00
3.756097560975609539e+00
2.700000000000000178e+00
3.404761904761904656e+00
3.534883720930232620e+00
2.301886792452830122e+00
2.823529411764706065e+00
3.222222222222222321e+00
3.625000000000000000e+00
3.642857142857142794e+00
3.431818181818181657e+00
3.204545454545454586e+00
3.523809523809523725e+00
3.431818181818181657e+00
3.642857142857142794e+00
4.000000000000000000e+00
3.875000000000000000e+00
3.333333333333333481e+00
3.148936170212766061e+00
3.756097560975609539e+00
2.720930232558139483e+00
3.625000000000000000e+00
3.090909090909090828e+00
4.270270270270270174e+00
3.431818181818181657e+00
3.743589743589743613e+00
3.756097560975609539e+00
4.000000000000000000e+00
4.131578947368421240e+00
3.130434782608695787e+00
4.000000000000000000e+00
3.021739130434782705e+00
3.512195121951219523e+00
3.756097560975609539e+00
3.222222222222222321e+00
3.642857142857142794e+00
3.642857142857142794e+00
3.875000000000000000e+00
3.868421052631578760e+00
2.936170212765957466e+00
2.913043478260869623e+00
3.523809523809523725e+00
3.534883720930232620e+00
2.899999999999999911e+00
3.333333333333333481e+00
1.708333333333333259e+00
3.111111111111111160e+00
4.270270270270270174e+00
3.130434782608695787e+00
3.390243902439024293e+00
3.333333333333333481e+00
3.021739130434782705e+00
3.021739130434782705e+00
4.000000000000000000e+00
3.090909090909090828e+00
3.523809523809523725e+00
3.204545454545454586e+00
3.512195121951219523e+00
3.756097560975609539e+00
3.431818181818181657e+00
4.131578947368421240e+00
2.979591836734694077e+00
3.148936170212766061e+00
3.756097560975609539e+00
2.200000000000000178e+00
1.941176470588235281e+00
1.923076923076923128e+00
3.333333333333333481e+00
2.392857142857142794e+00
3.756097560975609539e+00
3.047619047619047450e+00
3.069767441860465240e+00
3.512195121951219523e+00
3.302325581395348930e+00
1.734375000000000000e+00
3.239130434782608869e+00
3.239130434782608869e+00
3.523809523809523725e+00
3.239130434782608869e+00
2.700000000000000178e+00
3.431818181818181657e+00
2.750000000000000000e+00
4.000000000000000000e+00
3.404761904761904656e+00
3.756097560975609539e+00
3.130434782608695787e+00
2.775510204081632626e+00
3.642857142857142794e+00
3.523809523809523725e+00
3.634146341463414753e+00
3.431818181818181657e+00
3.239130434782608869e+00
3.333333333333333481e+00
2.083333333333333481e+00
4.270270270270270174e+00
3.642857142857142794e+00
2.877551020408163129e+00
1.549019607843137303e+00
3.534883720930232620e+00
3.743589743589743613e+00
4.000000000000000000e+00
4.131578947368421240e+00
3.333333333333333481e+00
3.534883720930232620e+00
3.404761904761904656e+00
3.404761904761904656e+00
3.111111111111111160e+00
3.756097560975609539e+00
3.875000000000000000e+00
3.625000000000000000e+00
2.673469387755102122e+00
3.642857142857142794e+00
3.333333333333333481e+00
3.756097560975609539e+00
3.500000000000000000e+00
4.131578947368421240e+00
3.534883720930232620e+00
3.756097560975609539e+00
1.910447761194029814e+00
3.756097560975609539e+00
2.673469387755102122e+00
3.634146341463414753e+00
2.673469387755102122e+00
3.302325581395348930e+00
2.888888888888888840e+00
2.804347826086956541e+00
3.302325581395348930e+00
2.490566037735848948e+00
3.222222222222222321e+00
2.854166666666666519e+00
3.512195121951219523e+00
2.490566037735848948e+00
3.148936170212766061e+00
3.756097560975609539e+00
4.000000000000000000e+00
3.148936170212766061e+00
3.642857142857142794e+00
3.750000000000000000e+00
3.750000000000000000e+00
2.272727272727272929e+00
4.000000000000000000e+00
3.634146341463414753e+00
4.000000000000000000e+00
3.431818181818181657e+00
2.189655172413793149e+00
3.111111111111111160e+00
3.534883720930232620e+00
3.302325581395348930e+00
3.534883720930232620e+00
3.756097560975609539e+00
3.523809523809523725e+00
3.756097560975609539e+00
2.750000000000000000e+00
3.523809523809523725e+00
9.072164948453608213e-01
1.826086956521739024e+00
2.695652173913043459e+00
3.642857142857142794e+00
3.318181818181818343e+00
3.431818181818181657e+00
3.756097560975609539e+00
2.050847457627118509e+00
3.756097560975609539e+00
3.318181818181818343e+00
3.523809523809523725e+00
3.523809523809523725e+00
2.490566037735848948e+00
3.222222222222222321e+00
3.333333333333333481e+00
3.418604651162790553e+00
3.186046511627906863e+00
3.875000000000000000e+00
2.888888888888888840e+00
3.756097560975609539e+00
3.605263157894736725e+00
3.756097560975609539e+00
3.642857142857142794e+00
3.875000000000000000e+00
2.627450980392156854e+00
4.270270270270270174e+00
3.625000000000000000e+00
3.534883720930232620e+00
3.148936170212766061e+00
4.000000000000000000e+00
3.642857142857142794e+00
3.642857142857142794e+00
2.571428571428571619e+00
3.333333333333333481e+00
3.404761904761904656e+00
3.642857142857142794e+00
3.634146341463414753e+00
3.239130434782608869e+00
3.148936170212766061e+00
4.000000000000000000e+00
3.534883720930232620e+00
3.642857142857142794e+00
3.868421052631578760e+00
4.000000000000000000e+00
4.270270270270270174e+00
3.186046511627906863e+00
1.890625000000000000e+00
3.512195121951219523e+00
2.392857142857142794e+00
3.333333333333333481e+00
3.875000000000000000e+00
3.390243902439024293e+00
3.148936170212766061e+00
3.743589743589743613e+00
3.487179487179487225e+00
3.512195121951219523e+00
3.204545454545454586e+00
2.979591836734694077e+00
4.000000000000000000e+00
4.131578947368421240e+00
4.000000000000000000e+00
3.042553191489361541e+00
2.775510204081632626e+00
3.431818181818181657e+00
3.756097560975609539e+00
3.743589743589743613e+00
3.642857142857142794e+00
3.750000000000000000e+00
3.605263157894736725e+00
3.431818181818181657e+00
4.000000000000000000e+00
3.042553191489361541e+00
3.534883720930232620e+00
3.431818181818181657e+00
3.204545454545454586e+00
3.111111111111111160e+00
2.557692307692307487e+00
3.239130434782608869e+00
3.239130434782608869e+00
2.584905660377358583e+00
3.750000000000000000e+00
3.431818181818181657e+00
3.756097560975609539e+00
2.877551020408163129e+00
3.000000000000000000e+00
2.189655172413793149e+00
3.204545454545454586e+00
2.936170212765957466e+00
3.875000000000000000e+00
3.642857142857142794e+00
3.756097560975609539e+00
4.000000000000000000e+00
3.534883720930232620e+00
4.135135135135135087e+00
3.756097560975609539e+00
-6.715328467153284242e-01
3.204545454545454586e+00
2.611111111111111160e+00
3.166666666666666519e+00
4.135135135135135087e+00
3.186046511627906863e+00
3.111111111111111160e+00
3.148936170212766061e+00
3.743589743589743613e+00
4.131578947368421240e+00
4.000000000000000000e+00
3.875000000000000000e+00
3.042553191489361541e+00
2.163265306122449161e+00
3.756097560975609539e+00
3.642857142857142794e+00
3.512195121951219523e+00
2.584905660377358583e+00
3.268292682926829062e+00
3.204545454545454586e+00
4.131578947368421240e+00
3.333333333333333481e+00
3.239130434782608869e+00
3.756097560975609539e+00
3.642857142857142794e+00
3.204545454545454586e+00
3.204545454545454586e+00
4.270270270270270174e+00
3.239130434782608869e+00
3.000000000000000000e+00
3.756097560975609539e+00
3.756097560975609539e+00
3.875000000000000000e+00
3.625000000000000000e+00
3.512195121951219523e+00
3.642857142857142794e+00
3.204545454545454586e+00
4.000000000000000000e+00
2.421052631578947345e+00
8.108108108108108558e-02
3.534883720930232620e+00
2.333333333333333481e+00
2.545454545454545414e+00
3.534883720930232620e+00
2.333333333333333481e+00
3.318181818181818343e+00
2.490566037735848948e+00
3.222222222222222321e+00
3.875000000000000000e+00
3.743589743589743613e+00
2.679245283018867774e+00
3.239130434782608869e+00
2.363636363636363757e+00
3.431818181818181657e+00
3.875000000000000000e+00
1.983870967741935498e+00
3.318181818181818343e+00
3.642857142857142794e+00
2.090909090909090828e+00
3.534883720930232620e+00
3.642857142857142794e+00
3.523809523809523725e+00
2.775510204081632626e+00
2.627450980392156854e+00
2.032786885245901676e+00
4.000000000000000000e+00
3.875000000000000000e+00
2.854166666666666519e+00
2.454545454545454586e+00
3.333333333333333481e+00
3.130434782608695787e+00
2.500000000000000000e+00
3.642857142857142794e+00
3.756097560975609539e+00
3.642857142857142794e+00
3.875000000000000000e+00
3.756097560975609539e+00
3.333333333333333481e+00
3.642857142857142794e+00
3.750000000000000000e+00
3.148936170212766061e+00
4.000000000000000000e+00
4.000000000000000000e+00
2.979591836734694077e+00
1.750000000000000000e+00
3.875000000000000000e+00
2.303571428571428381e+00
3.148936170212766061e+00
4.000000000000000000e+00
3.042553191489361541e+00
2.679245283018867774e+00
3.875000000000000000e+00
4.000000000000000000e+00
3.512195121951219523e+00
4.000000000000000000e+00
3.268292682926829062e+00
3.875000000000000000e+00
4.000000000000000000e+00
3.239130434782608869e+00
2.799999999999999822e+00
2.979591836734694077e+00
3.333333333333333481e+00
3.875000000000000000e+00
3.756097560975609539e+00
3.743589743589743613e+00
3.634146341463414753e+00
3.534883720930232620e+00
4.000000000000000000e+00
3.756097560975609539e+00
3.148936170212766061e+00
4.000000000000000000e+00
2.977272727272727071e+00
3.302325581395348930e+00
2.854166666666666519e+00
3.148936170212766061e+00
2.888888888888888840e+00
3.756097560975609539e+00
3.111111111111111160e+00
3.268292682926829062e+00
3.875000000000000000e+00
3.333333333333333481e+00
3.318181818181818343e+00
2.720930232558139483e+00
2.804347826086956541e+00
3.302325581395348930e+00
4.270270270270270174e+00
3.875000000000000000e+00
2.913043478260869623e+00
3.431818181818181657e+00
4.000000000000000000e+00
2.627450980392156854e+00
3.756097560975609539e+00
3.534883720930232620e+00
3.431818181818181657e+00
4.000000000000000000e+00
3.523809523809523725e+00
2.979591836734694077e+00
4.000000000000000000e+00
3.239130434782608869e+00
3.333333333333333481e+00
4.000000000000000000e+00
4.131578947368421240e+00
2.529411764705882248e+00
2.679245283018867774e+00
4.000000000000000000e+00
2.425925925925926041e+00
3.625000000000000000e+00
2.854166666666666519e+00
3.062500000000000000e+00
4.131578947368421240e+00
3.642857142857142794e+00
3.111111111111111160e+00
3.756097560975609539e+00
3.642857142857142794e+00
2.500000000000000000e+00
3.642857142857142794e+00
3.743589743589743613e+00
4.270270270270270174e+00
2.899999999999999911e+00
3.871794871794871806e+00
3.404761904761904656e+00
3.333333333333333481e+00
3.333333333333333481e+00
2.888888888888888840e+00
3.222222222222222321e+00
3.756097560975609539e+00
2.888888888888888840e+00
3.418604651162790553e+00
3.062500000000000000e+00
4.000000000000000000e+00
3.534883720930232620e+00
2.877551020408163129e+00
3.302325581395348930e+00
3.642857142857142794e+00
3.111111111111111160e+00
3.333333333333333481e+00
4.000000000000000000e+00
2.936170212765957466e+00
3.634146341463414753e+00
4.270270270270270174e+00
3.130434782608695787e+00
2.936170212765957466e+00
3.069767441860465240e+00
3.750000000000000000e+00
3.634146341463414753e+00
3.431818181818181657e+00
3.625000000000000000e+00
2.245614035087719174e+00
3.625000000000000000e+00
2.600000000000000089e+00
2.617021276595744794e+00
3.634146341463414753e+00
4.131578947368421240e+00
