-1.355276907001044862e+00
-1.375000000000000000e+00
-1.010000000000000009e+00
-1.050000000000000044e+00
-1.145000000000000018e+00
-1.084999999999999964e+00
-7.080979284369114390e-01
-9.528301886792452935e-01
-1.280000000000000027e+00
-1.074999999999999956e+00
-7.991391678622669081e-01
-1.104999999999999982e+00
-1.120000000000000107e+00
-9.572649572649573058e-01
-1.120000000000000107e+00
-7.465034965034964554e-01
-9.574726609963547519e-01
-1.094999999999999973e+00
-8.719441210710128232e-01
-9.120234604105571519e-01
-5.522388059701492935e-01
-1.129999999999999893e+00
-1.129999999999999893e+00
-1.100000000000000089e+00
-8.778833107191316154e-01
-6.977329974811082858e-01
-9.512789281364190108e-01
-8.754914809960681055e-01
-6.291560102301789748e-01
-6.979865771812080455e-01
-9.290780141843971718e-01
-1.090000000000000080e+00
-5.081967213114754189e-01
-7.614107883817426980e-01
-5.974025974025973795e-01
-7.286821705426356210e-01
-8.427672955974843116e-01
-9.239130434782608647e-01
-3.373493975903614217e-01
-8.004434589800443201e-01
-1.159999999999999920e+00
-1.074999999999999956e+00
-2.241379310344827624e-01
-6.808510638297872175e-01
-1.020000000000000018e+00
-1.100000000000000089e+00
-6.527777777777777901e-01
-8.216409036860879977e-01
-1.136363636363636326e-01
-8.924122310305775407e-01
-1.155000000000000027e+00
-6.555555555555555580e-01
-5.571095571095571186e-01
-8.353658536585365502e-01
-1.054999999999999938e+00
-1.120000000000000107e+00
-8.226950354609928739e-01
-8.862275449101796321e-01
-1.054999999999999938e+00
-1.044999999999999929e+00
-7.382198952879580611e-01
-1.030000000000000027e+00
-9.295774647887323772e-01
-1.064999999999999947e+00
-1.060000000000000053e+00
-1.125000000000000000e+00
-1.054999999999999938e+00
-1.010000000000000009e+00
6.145833333333333703e-01
-6.717724288840262181e-01
-1.050000000000000044e+00
-7.674418604651163101e-01
-8.114630467571644079e-01
-4.606413994169096249e-01
-1.014999999999999902e+00
-8.319327731092437395e-01
-1.050000000000000044e+00
-1.030000000000000027e+00
-1.024999999999999911e+00
-7.534766118836915272e-01
-4.217687074829932214e-01
-1.706161137440758424e-01
-1.991341991341991358e-01
-5.833333333333333703e-01
-5.070422535211267512e-01
-6.091954022988506079e-01
-1.084999999999999964e+00
-3.833333333333333592e-01
-8.646209386281588083e-01
-4.266055045871559592e-01
-7.575250836120401843e-01
-7.394136807817589530e-01
-3.145161290322580627e-01
-6.451612903225806273e-01
-1.064999999999999947e+00
-8.218142548596112373e-01
-7.432432432432432012e-01
-1.074999999999999956e+00
-3.515358361774744145e-01
3.062500000000000000e+00
9.550561797752808724e-02
2.245614035087719174e+00
2.220338983050847315e+00
9.791666666666666297e-01
6.810344827586206629e-01
1.399999999999999911e+00
1.235294117647058876e+00
-4.145077720207254041e-02
3.148936170212766061e+00
3.239130434782608869e+00
3.130434782608695787e+00
2.627450980392156854e+00
2.679245283018867774e+00
3.302325581395348930e+00
7.346938775510204467e-01
2.454545454545454586e+00
2.362068965517241548e+00
2.196721311475410054e+00
-8.154761904761904656e-01
-1.050000000000000044e+00
3.750000000000000000e-01
-1.594827586206896686e-01
2.595419847328244156e-01
6.386554621848739011e-01
3.829787234042553168e-01
-1.853932584269663009e-01
-1.116751269035533012e-01
6.379310344827586743e-01
1.430555555555555580e+00
-1.084999999999999964e+00
-1.010000000000000009e+00
-3.727598566308243933e-01
-1.880341880341880323e-01
5.833333333333333703e-01
7.105263157894736725e-01
2.362068965517241548e+00
2.392857142857142794e+00
3.431818181818181657e+00
2.362068965517241548e+00
1.402597402597402620e+00
2.877551020408163129e+00
-1.040000000000000036e+00
-4.135802469135802517e-01
-1.040000000000000036e+00
-6.144859813084112554e-01
-8.270270270270270174e-01
-7.616060225846925658e-01
-7.611710323574730763e-01
-1.064999999999999947e+00
3.385826771653543399e-01
-6.264367816091953589e-01
-6.643717728055077432e-01
3.239130434782608869e+00
2.135593220338983134e+00
-8.067010309278350721e-01
3.404761904761904656e+00
2.611111111111111160e+00
3.512195121951219523e+00
2.695652173913043459e+00
4.131578947368421240e+00
3.431818181818181657e+00
1.686567164179104461e+00
3.634146341463414753e+00
4.131578947368421240e+00
3.222222222222222321e+00
3.148936170212766061e+00
3.062500000000000000e+00
2.032786885245901676e+00
3.204545454545454586e+00
3.512195121951219523e+00
-1.071428571428571369e-01
1.468354430379746889e+00
2.500000000000000000e+00
6.451612903225806273e-02
1.671232876712328785e+00
3.318181818181818343e+00
4.270270270270270174e+00
3.756097560975609539e+00
6.086956521739130821e-01
3.021739130434782705e+00
2.888888888888888840e+00
2.362068965517241548e+00
1.402597402597402620e+00
2.095238095238095344e+00
3.756097560975609539e+00
3.756097560975609539e+00
3.756097560975609539e+00
3.375000000000000000e+00
3.875000000000000000e+00
3.625000000000000000e+00
4.000000000000000000e+00
4.000000000000000000e+00
4.270270270270270174e+00
3.404761904761904656e+00
3.534883720930232620e+00
3.756097560975609539e+00
4.270270270270270174e+00
3.166666666666666519e+00
1.923076923076923128e+00
3.375000000000000000e+00
2.888888888888888840e+00
3.642857142857142794e+00
2.899999999999999911e+00
3.534883720930232620e+00
3.642857142857142794e+00
3.431818181818181657e+00
3.875000000000000000e+00
2.804347826086956541e+00
3.021739130434782705e+00
3.875000000000000000e+00
4.270270270270270174e+00
2.888888888888888840e+00
4.270270270270270174e+00
3.148936170212766061e+00
4.000000000000000000e+00
2.913043478260869623e+00
4.131578947368421240e+00
3.534883720930232620e+00
3.431818181818181657e+00
3.302325581395348930e+00
3.239130434782608869e+00
3.512195121951219523e+00
4.000000000000000000e+00
3.512195121951219523e+00
3.534883720930232620e+00
2.775510204081632626e+00
2.584905660377358583e+00
3.239130434782608869e+00
4.000000000000000000e+00
3.534883720930232620e+00
2.431372549019607643e+00
2.977272727272727071e+00
4.000000000000000000e+00
3.239130434782608869e+00
2.166666666666666519e+00
3.333333333333333481e+00
4.131578947368421240e+00
3.512195121951219523e+00
2.396226415094339757e+00
3.111111111111111160e+00
3.431818181818181657e+00
3.534883720930232620e+00
3.875000000000000000e+00
3.431818181818181657e+00
3.642857142857142794e+00
3.534883720930232620e+00
4.000000000000000000e+00
3.431818181818181657e+00
3.534883720930232620e+00
2.500000000000000000e+00
3.756097560975609539e+00
3.534883720930232620e+00
3.148936170212766061e+00
3.534883720930232620e+00
3.875000000000000000e+00
3.404761904761904656e+00
3.062500000000000000e+00
3.333333333333333481e+00
3.875000000000000000e+00
3.302325581395348930e+00
3.268292682926829062e+00
3.222222222222222321e+00
2.700000000000000178e+00
3.222222222222222321e+00
3.418604651162790553e+00
3.333333333333333481e+00
3.756097560975609539e+00
3.431818181818181657e+00
3.756097560975609539e+00
3.239130434782608869e+00
4.270270270270270174e+00
3.148936170212766061e+00
2.679245283018867774e+00
3.534883720930232620e+00
3.431818181818181657e+00
4.000000000000000000e+00
3.333333333333333481e+00
3.534883720930232620e+00
4.000000000000000000e+00
3.431818181818181657e+00
3.021739130434782705e+00
2.229166666666666519e+00
3.756097560975609539e+00
3.534883720930232620e+00
3.756097560975609539e+00
3.534883720930232620e+00
3.642857142857142794e+00
3.642857142857142794e+00
2.979591836734694077e+00
3.743589743589743613e+00
3.404761904761904656e+00
4.000000000000000000e+00
3.431818181818181657e+00
2.979591836734694077e+00
3.268292682926829062e+00
2.899999999999999911e+00
4.270270270270270174e+00
3.875000000000000000e+00
3.204545454545454586e+00
4.270270270270270174e+00
3.871794871794871806e+00
3.487179487179487225e+00
3.418604651162790553e+00
4.131578947368421240e+00
2.425925925925926041e+00
2.365384615384615419e+00
2.362068965517241548e+00
2.823529411764706065e+00
2.700000000000000178e+00
3.875000000000000000e+00
3.875000000000000000e+00
3.756097560975609539e+00
3.756097560975609539e+00
3.222222222222222321e+00
2.979591836734694077e+00
3.805970149253731227e-01
3.222222222222222321e+00
3.062500000000000000e+00
3.756097560975609539e+00
3.333333333333333481e+00
3.523809523809523725e+00
3.534883720930232620e+00
3.756097560975609539e+00
3.743589743589743613e+00
3.431818181818181657e+00
3.239130434782608869e+00
3.268292682926829062e+00
3.404761904761904656e+00
3.625000000000000000e+00
3.186046511627906863e+00
3.047619047619047450e+00
3.090909090909090828e+00
3.021739130434782705e+00
2.750000000000000000e+00
3.268292682926829062e+00
3.111111111111111160e+00
3.021739130434782705e+00
4.000000000000000000e+00
3.090909090909090828e+00
4.000000000000000000e+00
3.642857142857142794e+00
3.875000000000000000e+00
3.021739130434782705e+00
3.642857142857142794e+00
3.302325581395348930e+00
3.756097560975609539e+00
3.062500000000000000e+00
3.239130434782608869e+00
3.239130434782608869e+00
2.725490196078431460e+00
4.131578947368421240e+00
3.642857142857142794e+00
3.605263157894736725e+00
4.000000000000000000e+00
2.958333333333333481e+00
3.875000000000000000e+00
3.222222222222222321e+00
3.875000000000000000e+00
3.512195121951219523e+00
4.270270270270270174e+00
3.404761904761904656e+00
3.642857142857142794e+00
4.270270270270270174e+00
2.936170212765957466e+00
2.958333333333333481e+00
3.875000000000000000e+00
4.000000000000000000e+00
3.333333333333333481e+00
4.000000000000000000e+00
3.062500000000000000e+00
3.148936170212766061e+00
3.534883720930232620e+00
4.000000000000000000e+00
3.534883720930232620e+00
4.270270270270270174e+00
3.302325581395348930e+00
3.642857142857142794e+00
3.875000000000000000e+00
3.875000000000000000e+00
1.982456140350877138e+00
2.958333333333333481e+00
3.750000000000000000e+00
3.302325581395348930e+00
3.534883720930232620e+00
4.000000000000000000e+00
4.000000000000000000e+00
2.645833333333333481e+00
3.534883720930232620e+00
3.111111111111111160e+00
4.000000000000000000e+00
3.148936170212766061e+00
4.131578947368421240e+00
3.431818181818181657e+00
2.700000000000000178e+00
3.418604651162790553e+00
3.431818181818181657e+00
3.431818181818181657e+00
3.333333333333333481e+00
2.700000000000000178e+00
3.021739130434782705e+00
3.512195121951219523e+00
3.875000000000000000e+00
3.268292682926829062e+00
3.148936170212766061e+00
3.302325581395348930e+00
4.000000000000000000e+00
4.131578947368421240e+00
3.431818181818181657e+00
3.062500000000000000e+00
3.756097560975609539e+00
3.642857142857142794e+00
2.936170212765957466e+00
4.000000000000000000e+00
3.512195121951219523e+00
2.854166666666666519e+00
2.679245283018867774e+00
3.756097560975609539e+00
2.611111111111111160e+00
3.875000000000000000e+00
2.913043478260869623e+00
2.777777777777777679e+00
2.979591836734694077e+00
1.803030303030302983e+00
1.166666666666666741e+00
1.435897435897435903e+00
3.000000000000000000e+00
3.333333333333333481e+00
2.958333333333333481e+00
1.983870967741935498e+00
1.890625000000000000e+00
2.125000000000000000e+00
3.302325581395348930e+00
3.062500000000000000e+00
4.131578947368421240e+00
3.239130434782608869e+00
3.148936170212766061e+00
3.130434782608695787e+00
2.979591836734694077e+00
3.729729729729729826e+00
3.148936170212766061e+00
2.979591836734694077e+00
3.222222222222222321e+00
2.557692307692307487e+00
4.131578947368421240e+00
3.634146341463414753e+00
3.756097560975609539e+00
3.756097560975609539e+00
3.534883720930232620e+00
2.305084745762711940e+00
3.111111111111111160e+00
4.270270270270270174e+00
1.323943661971830998e+00
3.534883720930232620e+00
2.611111111111111160e+00
3.871794871794871806e+00
2.750000000000000000e+00
2.301886792452830122e+00
2.979591836734694077e+00
3.148936170212766061e+00
3.222222222222222321e+00
3.756097560975609539e+00
4.131578947368421240e+00
4.000000000000000000e+00
3.534883720930232620e+00
1.364864864864864913e+00
3.642857142857142794e+00
4.131578947368421240e+00
3.166666666666666519e+00
4.270270270270270174e+00
3.418604651162790553e+00
2.679245283018867774e+00
3.333333333333333481e+00
3.148936170212766061e+00
3.756097560975609539e+00
2.500000000000000000e+00
3.042553191489361541e+00
1.826086956521739024e+00
3.534883720930232620e+00
3.333333333333333481e+00
4.131578947368421240e+00
2.421052631578947345e+00
3.642857142857142794e+00
3.871794871794871806e+00
3.512195121951219523e+00
8.571428571428570953e-01
3.111111111111111160e+00
3.418604651162790553e+00
2.265306122448979664e+00
3.750000000000000000e+00
3.333333333333333481e+00
3.302325581395348930e+00
3.642857142857142794e+00
2.095238095238095344e+00
3.431818181818181657e+00
3.431818181818181657e+00
3.333333333333333481e+00
3.062500000000000000e+00
4.000000000000000000e+00
3.875000000000000000e+00
3.634146341463414753e+00
2.214285714285714413e+00
2.829787234042553390e+00
4.000000000000000000e+00
3.642857142857142794e+00
4.131578947368421240e+00
3.756097560975609539e+00
4.000000000000000000e+00
3.642857142857142794e+00
3.750000000000000000e+00
3.534883720930232620e+00
3.431818181818181657e+00
3.642857142857142794e+00
3.166666666666666519e+00
3.239130434782608869e+00
3.042553191489361541e+00
3.148936170212766061e+00
3.523809523809523725e+00
1.931034482758620774e+00
3.750000000000000000e+00
3.318181818181818343e+00
2.936170212765957466e+00
2.673469387755102122e+00
3.285714285714285587e+00
3.000000000000000000e+00
2.888888888888888840e+00
3.318181818181818343e+00
3.642857142857142794e+00
2.269230769230769162e+00
3.875000000000000000e+00
3.431818181818181657e+00
3.871794871794871806e+00
3.148936170212766061e+00
3.642857142857142794e+00
3.333333333333333481e+00
2.775510204081632626e+00
4.000000000000000000e+00
1.830188679245283057e+00
3.130434782608695787e+00
3.756097560975609539e+00
2.725490196078431460e+00
3.148936170212766061e+00
3.743589743589743613e+00
3.534883720930232620e+00
3.148936170212766061e+00
3.239130434782608869e+00
3.642857142857142794e+00
3.148936170212766061e+00
3.512195121951219523e+00
3.642857142857142794e+00
3.625000000000000000e+00
3.148936170212766061e+00
3.523809523809523725e+00
3.021739130434782705e+00
3.130434782608695787e+00
3.062500000000000000e+00
3.756097560975609539e+00
3.333333333333333481e+00
3.756097560975609539e+00
3.333333333333333481e+00
3.750000000000000000e+00
4.270270270270270174e+00
3.642857142857142794e+00
3.418604651162790553e+00
3.318181818181818343e+00
2.913043478260869623e+00
4.000000000000000000e+00
3.239130434782608869e+00
3.431818181818181657e+00
3.062500000000000000e+00
2.829787234042553390e+00
3.333333333333333481e+00
3.534883720930232620e+00
3.642857142857142794e+00
4.270270270270270174e+00
3.333333333333333481e+00
3.431818181818181657e+00
3.523809523809523725e+00
2.854166666666666519e+00
4.131578947368421240e+00
3.875000000000000000e+00
3.756097560975609539e+00
4.270270270270270174e+00
2.775510204081632626e+00
4.270270270270270174e+00
3.222222222222222321e+00
3.431818181818181657e+00
3.523809523809523725e+00
2.500000000000000000e+00
1.321428571428571397e+00
4.131578947368421240e+00
3.333333333333333481e+00
3.534883720930232620e+00
4.131578947368421240e+00
3.523809523809523725e+00
3.875000000000000000e+00
4.000000000000000000e+00
4.000000000000000000e+00
3.875000000000000000e+00
3.750000000000000000e+00
3.000000000000000000e+00
4.000000000000000000e+00
3.333333333333333481e+00
3.239130434782608869e+00
3.512195121951219523e+00
2.700000000000000178e+00
3.756097560975609539e+00
3.333333333333333481e+00
2.854166666666666519e+00
3.333333333333333481e+00
3.534883720930232620e+00
3.239130434782608869e+00
3.204545454545454586e+00
3.871794871794871806e+00
3.404761904761904656e+00
2.854166666666666519e+00
3.875000000000000000e+00
3.021739130434782705e+00
3.534883720930232620e+00
4.000000000000000000e+00
3.756097560975609539e+00
3.875000000000000000e+00
1.671232876712328785e+00
3.534883720930232620e+00
3.534883720930232620e+00
3.239130434782608869e+00
3.756097560975609539e+00
3.634146341463414753e+00
2.936170212765957466e+00
2.725490196078431460e+00
3.875000000000000000e+00
3.605263157894736725e+00
3.111111111111111160e+00
4.270270270270270174e+00
3.875000000000000000e+00
3.285714285714285587e+00
3.634146341463414753e+00
4.000000000000000000e+00
2.557692307692307487e+00
4.000000000000000000e+00
3.642857142857142794e+00
3.534883720930232620e+00
3.534883720930232620e+00
2.653846153846153744e+00
3.875000000000000000e+00
3.534883720930232620e+00
3.534883720930232620e+00
4.131578947368421240e+00
3.333333333333333481e+00
3.534883720930232620e+00
3.148936170212766061e+00
3.333333333333333481e+00
2.240740740740740922e+00
4.000000000000000000e+00
3.130434782608695787e+00
3.756097560975609539e+00
4.131578947368421240e+00
3.148936170212766061e+00
3.875000000000000000e+00
3.333333333333333481e+00
3.333333333333333481e+00
4.131578947368421240e+00
3.634146341463414753e+00
3.875000000000000000e+00
2.979591836734694077e+00
3.062500000000000000e+00
3.333333333333333481e+00
3.642857142857142794e+00
3.534883720930232620e+00
3.333333333333333481e+00
2.854166666666666519e+00
3.523809523809523725e+00
4.270270270270270174e+00
4.000000000000000000e+00
3.875000000000000000e+00
4.270270270270270174e+00
3.743589743589743613e+00
3.318181818181818343e+00
3.239130434782608869e+00
3.239130434782608869e+00
3.239130434782608869e+00
3.111111111111111160e+00
2.245614035087719174e+00
2.936170212765957466e+00
4.131578947368421240e+00
3.634146341463414753e+00
3.642857142857142794e+00
3.642857142857142794e+00
4.000000000000000000e+00
3.431818181818181657e+00
4.000000000000000000e+00
4.000000000000000000e+00
3.318181818181818343e+00
3.871794871794871806e+00
3.021739130434782705e+00
2.125000000000000000e+00
3.333333333333333481e+00
3.534883720930232620e+00
2.750000000000000000e+00
4.000000000000000000e+00
3.186046511627906863e+00
3.239130434782608869e+00
2.557692307692307487e+00
3.642857142857142794e+00
2.725490196078431460e+00
3.534883720930232620e+00
3.130434782608695787e+00
3.418604651162790553e+00
2.055555555555555358e+00
1.117647058823529438e+00
2.958333333333333481e+00
3.239130434782608869e+00
4.270270270270270174e+00
3.642857142857142794e+00
3.756097560975609539e+00
3.642857142857142794e+00
3.750000000000000000e+00
3.222222222222222321e+00
3.062500000000000000e+00
2.666666666666666519e+00
3.431818181818181657e+00
3.333333333333333481e+00
2.877551020408163129e+00
2.888888888888888840e+00
2.977272727272727071e+00
3.062500000000000000e+00
3.625000000000000000e+00
3.642857142857142794e+00
4.000000000000000000e+00
3.875000000000000000e+00
4.000000000000000000e+00
3.642857142857142794e+00
3.431818181818181657e+00
3.642857142857142794e+00
4.270270270270270174e+00
3.186046511627906863e+00
4.000000000000000000e+00
3.431818181818181657e+00
3.756097560975609539e+00
4.131578947368421240e+00
3.634146341463414753e+00
3.333333333333333481e+00
3.875000000000000000e+00
3.431818181818181657e+00
2.979591836734694077e+00
3.756097560975609539e+00
3.302325581395348930e+00
3.743589743589743613e+00
2.750000000000000000e+00
3.875000000000000000e+00
3.756097560975609539e+00
3.756097560975609539e+00
3.148936170212766061e+00
3.534883720930232620e+00
3.756097560975609539e+00
3.431818181818181657e+00
3.431818181818181657e+00
2.775510204081632626e+00
3.404761904761904656e+00
4.270270270270270174e+00
4.131578947368421240e+00
3.069767441860465240e+00
3.523809523809523725e+00
3.418604651162790553e+00
2.214285714285714413e+00
3.523809523809523725e+00
2.673469387755102122e+00
2.303571428571428381e+00
3.875000000000000000e+00
4.000000000000000000e+00
3.431818181818181657e+00
3.431818181818181657e+00
3.875000000000000000e+00
3.642857142857142794e+00
3.062500000000000000e+00
3.642857142857142794e+00
3.756097560975609539e+00
3.534883720930232620e+00
2.829787234042553390e+00
2.700000000000000178e+00
3.534883720930232620e+00
3.642857142857142794e+00
3.333333333333333481e+00
4.131578947368421240e+00
4.000000000000000000e+00
2.799999999999999822e+00
4.131578947368421240e+00
3.239130434782608869e+00
3.523809523809523725e+00
3.642857142857142794e+00
3.431818181818181657e+00
3.487179487179487225e+00
4.000000000000000000e+00
2.854166666666666519e+00
2.953488372093023173e+00
3.634146341463414753e+00
4.270270270270270174e+00
2.700000000000000178e+00
2.854166666666666519e+00
3.431818181818181657e+00
3.534883720930232620e+00
3.523809523809523725e+00
2.303571428571428381e+00
4.000000000000000000e+00
3.431818181818181657e+00
2.936170212765957466e+00
3.875000000000000000e+00
4.000000000000000000e+00
3.431818181818181657e+00
3.285714285714285587e+00
3.642857142857142794e+00
3.625000000000000000e+00
3.333333333333333481e+00
3.268292682926829062e+00
3.871794871794871806e+00
3.239130434782608869e+00
4.135135135135135087e+00
2.958333333333333481e+00
3.186046511627906863e+00
3.756097560975609539e+00
3.239130434782608869e+00
3.642857142857142794e+00
3.302325581395348930e+00
2.571428571428571619e+00
2.750000000000000000e+00
1.500000000000000000e+00
3.431818181818181657e+00
3.062500000000000000e+00
3.642857142857142794e+00
2.367346938775510168e+00
3.390243902439024293e+00
3.148936170212766061e+00
2.799999999999999822e+00
3.390243902439024293e+00
4.000000000000000000e+00
2.979591836734694077e+00
3.875000000000000000e+00
3.204545454545454586e+00
2.200000000000000178e+00
3.318181818181818343e+00
3.642857142857142794e+00
3.534883720930232620e+00
3.743589743589743613e+00
4.000000000000000000e+00
2.617021276595744794e+00
3.642857142857142794e+00
3.431818181818181657e+00
4.131578947368421240e+00
2.272727272727272929e+00
3.512195121951219523e+00
4.131578947368421240e+00
3.756097560975609539e+00
4.131578947368421240e+00
3.750000000000000000e+00
3.642857142857142794e+00
3.756097560975609539e+00
2.913043478260869623e+00
2.958333333333333481e+00
3.523809523809523725e+00
3.404761904761904656e+00
3.418604651162790553e+00
3.042553191489361541e+00
3.222222222222222321e+00
4.000000000000000000e+00
4.131578947368421240e+00
3.042553191489361541e+00
3.130434782608695787e+00
3.871794871794871806e+00
4.000000000000000000e+00
3.130434782608695787e+00
3.090909090909090828e+00
3.222222222222222321e+00
4.000000000000000000e+00
4.131578947368421240e+00
3.418604651162790553e+00
3.871794871794871806e+00
2.269230769230769162e+00
3.864864864864864913e+00
4.000000000000000000e+00
3.404761904761904656e+00
2.529411764705882248e+00
3.750000000000000000e+00
3.148936170212766061e+00
3.750000000000000000e+00
3.318181818181818343e+00
3.239130434782608869e+00
2.500000000000000000e+00
4.270270270270270174e+00
3.634146341463414753e+00
3.875000000000000000e+00
3.875000000000000000e+00
3.756097560975609539e+00
2.600000000000000089e+00
3.642857142857142794e+00
3.625000000000000000e+00
3.642857142857142794e+00
3.404761904761904656e+00
3.534883720930232620e+00
3.642857142857142794e+00
3.512195121951219523e+00
3.534883720930232620e+00
3.875000000000000000e+00
3.634146341463414753e+00
3.318181818181818343e+00
3.487179487179487225e+00
3.239130434782608869e+00
3.523809523809523725e+00
4.270270270270270174e+00
3.634146341463414753e+00
3.875000000000000000e+00
2.723404255319148870e+00
2.695652173913043459e+00
4.131578947368421240e+00
3.239130434782608869e+00
2.425925925925926041e+00
3.875000000000000000e+00
3.642857142857142794e+00
4.131578947368421240e+00
2.750000000000000000e+00
3.431818181818181657e+00
3.534883720930232620e+00
4.131578947368421240e+00
3.239130434782608869e+00
3.750000000000000000e+00
2.899999999999999911e+00
2.679245283018867774e+00
3.642857142857142794e+00
2.301886792452830122e+00
3.062500000000000000e+00
2.482142857142857206e+00
3.148936170212766061e+00
2.431372549019607643e+00
3.756097560975609539e+00
3.404761904761904656e+00
3.111111111111111160e+00
2.804347826086956541e+00
3.642857142857142794e+00
4.270270270270270174e+00
2.695652173913043459e+00
3.625000000000000000e+00
3.062500000000000000e+00
3.871794871794871806e+00
2.545454545454545414e+00
3.431818181818181657e+00
3.404761904761904656e+00
3.534883720930232620e+00
3.750000000000000000e+00
4.000000000000000000e+00
4.270270270270270174e+00
3.875000000000000000e+00
3.148936170212766061e+00
3.642857142857142794e+00
3.756097560975609539e+00
3.642857142857142794e+00
3.431818181818181657e+00
4.131578947368421240e+00
3.130434782608695787e+00
3.756097560975609539e+00
3.756097560975609539e+00
3.148936170212766061e+00
3.148936170212766061e+00
3.148936170212766061e+00
3.634146341463414753e+00
4.000000000000000000e+00
4.000000000000000000e+00
3.871794871794871806e+00
3.333333333333333481e+00
3.642857142857142794e+00
3.130434782608695787e+00
3.642857142857142794e+00
3.318181818181818343e+00
3.222222222222222321e+00
2.700000000000000178e+00
3.534883720930232620e+00
3.204545454545454586e+00
3.148936170212766061e+00
4.270270270270270174e+00
3.062500000000000000e+00
3.239130434782608869e+00
3.756097560975609539e+00
2.431372549019607643e+00
3.756097560975609539e+00
2.695652173913043459e+00
3.875000000000000000e+00
3.239130434782608869e+00
3.642857142857142794e+00
4.000000000000000000e+00
3.239130434782608869e+00
2.617021276595744794e+00
1.349397590361445687e+00
2.653846153846153744e+00
3.111111111111111160e+00
3.625000000000000000e+00
3.062500000000000000e+00
4.000000000000000000e+00
3.523809523809523725e+00
4.000000000000000000e+00
3.418604651162790553e+00
2.958333333333333481e+00
2.333333333333333481e+00
3.634146341463414753e+00
