-1.385000000000000009e+00
-9.140893470790377728e-01
-1.185000000000000053e+00
-1.010090817356205761e+00
-8.951048951048951041e-01
-1.198675496688741626e+00
-1.110000000000000098e+00
-1.104999999999999982e+00
-1.030000000000000027e+00
-1.179999999999999938e+00
-1.195000000000000062e+00
-1.110000000000000098e+00
-1.145000000000000018e+00
-1.110000000000000098e+00
-6.480331262939958981e-01
-9.342105263157894912e-01
-1.090000000000000080e+00
-6.246648793565683366e-01
-1.100000000000000089e+00
-7.345132743362832173e-01
-2.137096774193548432e-01
-1.125000000000000000e+00
-1.169999999999999929e+00
-8.365527488855869498e-01
-4.014084507042253724e-01
-4.607843137254901689e-01
-1.090000000000000080e+00
-1.428571428571428492e-01
-4.250871080139372871e-01
-3.345323741007193985e-01
-5.538461538461538769e-01
-1.084999999999999964e+00
-6.489563567362428564e-01
-1.145000000000000018e+00
-9.946808510638297518e-01
-2.576419213973799027e-01
-7.317073170731707155e-01
-5.394736842105263275e-01
-5.076923076923076650e-01
-1.155000000000000027e+00
-8.654970760233917648e-01
4.278074866310160179e-02
-5.991561181434599259e-01
-5.629820051413881865e-01
-8.486486486486486402e-01
-8.333333333333333703e-01
8.333333333333332871e-02
-1.169999999999999929e+00
-1.050000000000000044e+00
-1.050000000000000044e+00
-1.114999999999999991e+00
-5.333333333333333259e-01
-7.297297297297297147e-01
-8.465703971119133975e-01
-7.072419106317411330e-01
-7.853535353535353591e-01
-1.030000000000000027e+00
-1.070000000000000062e+00
-1.125000000000000000e+00
-9.141221374045801484e-01
-1.114999999999999991e+00
-7.551928783382789723e-01
-1.020000000000000018e+00
-1.034999999999999920e+00
-4.886363636363636465e-01
-1.008064516129032251e+00
-5.986238532110091937e-01
-1.095890410958904049e-01
-1.074999999999999956e+00
3.475177304964539027e-01
-7.177419354838709964e-01
-4.285714285714285476e-01
-4.062500000000000000e-01
-2.325581395348837177e-01
-1.060000000000000053e+00
-3.566176470588235392e-01
-2.200000000000000011e-01
2.925170068027210801e-01
-5.454545454545454142e-01
2.295081967213114804e-01
-1.474654377880184331e-01
8.280254777070063243e-02
2.251655629139072967e-01
-9.154334038054968703e-01
6.145833333333333703e-01
-1.914893617021276584e-01
-6.754807692307692735e-01
-1.070000000000000062e+00
-3.848580441640378491e-01
-2.801556420233463074e-01
-2.631578947368420907e-02
3.723404255319148759e-02
1.010309278350515427e+00
4.395604395604395948e-02
-2.777777777777777624e-02
-1.064999999999999947e+00
1.500000000000000000e+00
6.810344827586206629e-01
2.877551020408163129e+00
1.375000000000000000e+00
9.117647058823529216e-01
2.207547169811320931e+00
1.166666666666666741e+00
-5.940594059405940319e-02
2.867647058823529216e-01
2.032786885245901676e+00
2.094240837696335206e-02
7.934782608695651884e-01
2.799999999999999822e+00
2.189655172413793149e+00
-4.054878048780488076e-01
9.897959183673469274e-01
-6.041666666666666297e-01
-3.962848297213622528e-01
7.256637168141593097e-01
1.470588235294117696e-01
5.555555555555555247e-02
1.349397590361445687e+00
1.228915662650602370e+00
3.928571428571428492e-01
1.708333333333333259e+00
-1.044999999999999929e+00
3.087248322147650992e-01
-8.514851485148514643e-01
1.692307692307692291e+00
1.283950617283950546e+00
1.195121951219512146e+00
1.532467532467532534e+00
2.145161290322580516e+00
4.122137404580152875e-01
2.500000000000000000e-01
2.899999999999999911e+00
2.823529411764706065e+00
1.171052631578947345e+00
2.135593220338983134e+00
2.363636363636363757e+00
-2.500000000000000000e-01
-2.570281124497991732e-01
-6.717171717171717127e-01
-1.020000000000000018e+00
-1.020000000000000018e+00
1.184210526315789408e-01
-6.300000000000000044e-01
1.215909090909090828e+00
5.853658536585365502e-01
8.750000000000000000e-01
2.305084745762711940e+00
4.682539682539682557e-01
1.954545454545454586e+00
3.431818181818181657e+00
3.756097560975609539e+00
3.642857142857142794e+00
3.404761904761904656e+00
3.875000000000000000e+00
3.111111111111111160e+00
3.534883720930232620e+00
3.756097560975609539e+00
3.090909090909090828e+00
3.756097560975609539e+00
2.305084745762711940e+00
3.431818181818181657e+00
4.131578947368421240e+00
3.756097560975609539e+00
2.928571428571428381e+00
3.302325581395348930e+00
3.642857142857142794e+00
3.404761904761904656e+00
3.318181818181818343e+00
3.375000000000000000e+00
3.042553191489361541e+00
3.523809523809523725e+00
3.318181818181818343e+00
4.131578947368421240e+00
3.431818181818181657e+00
4.000000000000000000e+00
3.222222222222222321e+00
3.523809523809523725e+00
3.333333333333333481e+00
3.875000000000000000e+00
3.642857142857142794e+00
3.642857142857142794e+00
2.888888888888888840e+00
4.131578947368421240e+00
3.634146341463414753e+00
4.270270270270270174e+00
3.642857142857142794e+00
4.000000000000000000e+00
2.854166666666666519e+00
2.600000000000000089e+00
1.010309278350515427e+00
1.822580645161290258e+00
4.000000000000000000e+00
4.131578947368421240e+00
3.318181818181818343e+00
3.431818181818181657e+00
3.625000000000000000e+00
3.302325581395348930e+00
3.756097560975609539e+00
4.000000000000000000e+00
3.642857142857142794e+00
3.642857142857142794e+00
3.634146341463414753e+00
3.239130434782608869e+00
3.642857142857142794e+00
2.958333333333333481e+00
3.333333333333333481e+00
3.875000000000000000e+00
3.756097560975609539e+00
3.431818181818181657e+00
4.000000000000000000e+00
3.743589743589743613e+00
2.421052631578947345e+00
3.875000000000000000e+00
3.390243902439024293e+00
3.642857142857142794e+00
3.534883720930232620e+00
2.936170212765957466e+00
2.799999999999999822e+00
3.404761904761904656e+00
3.523809523809523725e+00
3.875000000000000000e+00
3.642857142857142794e+00
3.431818181818181657e+00
2.700000000000000178e+00
3.222222222222222321e+00
3.634146341463414753e+00
3.390243902439024293e+00
3.021739130434782705e+00
3.642857142857142794e+00
3.042553191489361541e+00
3.756097560975609539e+00
3.512195121951219523e+00
3.534883720930232620e+00
3.642857142857142794e+00
3.756097560975609539e+00
3.756097560975609539e+00
3.239130434782608869e+00
4.000000000000000000e+00
3.062500000000000000e+00
3.512195121951219523e+00
4.000000000000000000e+00
2.750000000000000000e+00
3.239130434782608869e+00
3.756097560975609539e+00
3.534883720930232620e+00
3.534883720930232620e+00
3.634146341463414753e+00
3.239130434782608869e+00
2.777777777777777679e+00
3.111111111111111160e+00
3.871794871794871806e+00
3.743589743589743613e+00
3.404761904761904656e+00
4.270270270270270174e+00
2.854166666666666519e+00
2.500000000000000000e+00
3.756097560975609539e+00
3.204545454545454586e+00
2.854166666666666519e+00
3.062500000000000000e+00
4.270270270270270174e+00
3.239130434782608869e+00
3.534883720930232620e+00
3.634146341463414753e+00
3.062500000000000000e+00
3.642857142857142794e+00
3.756097560975609539e+00
2.799999999999999822e+00
3.358974358974359031e+00
3.418604651162790553e+00
4.112903225806451846e-01
3.404761904761904656e+00
3.418604651162790553e+00
3.534883720930232620e+00
2.299999999999999822e+00
3.333333333333333481e+00
3.431818181818181657e+00
3.875000000000000000e+00
3.418604651162790553e+00
3.756097560975609539e+00
2.823529411764706065e+00
2.979591836734694077e+00
3.431818181818181657e+00
3.418604651162790553e+00
3.431818181818181657e+00
3.021739130434782705e+00
9.411764705882352811e-01
3.642857142857142794e+00
4.131578947368421240e+00
3.512195121951219523e+00
3.148936170212766061e+00
3.130434782608695787e+00
4.135135135135135087e+00
2.854166666666666519e+00
3.148936170212766061e+00
3.204545454545454586e+00
2.979591836734694077e+00
3.021739130434782705e+00
3.756097560975609539e+00
3.186046511627906863e+00
2.586956521739130377e+00
4.270270270270270174e+00
3.042553191489361541e+00
3.222222222222222321e+00
3.512195121951219523e+00
3.743589743589743613e+00
3.318181818181818343e+00
2.750000000000000000e+00
4.270270270270270174e+00
3.222222222222222321e+00
3.756097560975609539e+00
3.375000000000000000e+00
2.829787234042553390e+00
3.062500000000000000e+00
2.899999999999999911e+00
3.875000000000000000e+00
2.775510204081632626e+00
3.534883720930232620e+00
2.064516129032258007e+00
3.302325581395348930e+00
3.318181818181818343e+00
3.875000000000000000e+00
3.062500000000000000e+00
3.625000000000000000e+00
3.111111111111111160e+00
3.239130434782608869e+00
3.642857142857142794e+00
3.239130434782608869e+00
4.131578947368421240e+00
3.021739130434782705e+00
3.431818181818181657e+00
3.634146341463414753e+00
2.725490196078431460e+00
2.586956521739130377e+00
3.534883720930232620e+00
3.875000000000000000e+00
2.979591836734694077e+00
3.148936170212766061e+00
2.899999999999999911e+00
2.725490196078431460e+00
3.333333333333333481e+00
3.642857142857142794e+00
3.333333333333333481e+00
3.743589743589743613e+00
3.148936170212766061e+00
3.875000000000000000e+00
3.875000000000000000e+00
2.899999999999999911e+00
3.523809523809523725e+00
3.285714285714285587e+00
3.642857142857142794e+00
1.464788732394366244e+00
3.512195121951219523e+00
3.239130434782608869e+00
4.000000000000000000e+00
2.854166666666666519e+00
3.534883720930232620e+00
3.756097560975609539e+00
3.148936170212766061e+00
3.634146341463414753e+00
3.756097560975609539e+00
3.333333333333333481e+00
2.510638297872340274e+00
2.627450980392156854e+00
4.000000000000000000e+00
3.875000000000000000e+00
3.642857142857142794e+00
4.131578947368421240e+00
2.510638297872340274e+00
3.111111111111111160e+00
2.076923076923077094e+00
3.318181818181818343e+00
2.913043478260869623e+00
3.487179487179487225e+00
3.534883720930232620e+00
3.512195121951219523e+00
3.871794871794871806e+00
3.285714285714285587e+00
1.215909090909090828e+00
3.333333333333333481e+00
3.021739130434782705e+00
4.552238805970149071e-01
3.111111111111111160e+00
2.979591836734694077e+00
3.875000000000000000e+00
4.270270270270270174e+00
3.534883720930232620e+00
4.131578947368421240e+00
3.756097560975609539e+00
3.642857142857142794e+00
3.523809523809523725e+00
2.913043478260869623e+00
3.534883720930232620e+00
3.318181818181818343e+00
4.000000000000000000e+00
3.875000000000000000e+00
2.518518518518518601e+00
4.270270270270270174e+00
1.894736842105263053e+00
3.875000000000000000e+00
2.829787234042553390e+00
3.148936170212766061e+00
3.875000000000000000e+00
4.000000000000000000e+00
3.642857142857142794e+00
3.111111111111111160e+00
2.823529411764706065e+00
3.534883720930232620e+00
3.302325581395348930e+00
2.804347826086956541e+00
3.333333333333333481e+00
3.512195121951219523e+00
2.545454545454545414e+00
3.111111111111111160e+00
3.750000000000000000e+00
3.302325581395348930e+00
4.000000000000000000e+00
2.913043478260869623e+00
3.634146341463414753e+00
2.958333333333333481e+00
3.302325581395348930e+00
3.750000000000000000e+00
2.725490196078431460e+00
3.390243902439024293e+00
3.864864864864864913e+00
3.404761904761904656e+00
4.131578947368421240e+00
3.186046511627906863e+00
2.600000000000000089e+00
3.431818181818181657e+00
3.512195121951219523e+00
4.000000000000000000e+00
3.512195121951219523e+00
2.936170212765957466e+00
3.090909090909090828e+00
4.131578947368421240e+00
3.318181818181818343e+00
3.756097560975609539e+00
3.069767441860465240e+00
3.743589743589743613e+00
3.404761904761904656e+00
3.333333333333333481e+00
2.979591836734694077e+00
3.302325581395348930e+00
4.000000000000000000e+00
2.529411764705882248e+00
4.270270270270270174e+00
2.571428571428571619e+00
1.796610169491525522e+00
4.131578947368421240e+00
2.303571428571428381e+00
4.000000000000000000e+00
3.318181818181818343e+00
2.700000000000000178e+00
3.404761904761904656e+00
3.534883720930232620e+00
4.131578947368421240e+00
3.111111111111111160e+00
3.239130434782608869e+00
4.131578947368421240e+00
2.673469387755102122e+00
3.875000000000000000e+00
3.534883720930232620e+00
2.700000000000000178e+00
3.431818181818181657e+00
2.888888888888888840e+00
2.305084745762711940e+00
2.673469387755102122e+00
3.642857142857142794e+00
3.756097560975609539e+00
3.642857142857142794e+00
3.871794871794871806e+00
3.222222222222222321e+00
3.875000000000000000e+00
3.333333333333333481e+00
3.111111111111111160e+00
3.625000000000000000e+00
3.111111111111111160e+00
3.756097560975609539e+00
3.021739130434782705e+00
3.090909090909090828e+00
2.804347826086956541e+00
2.877551020408163129e+00
3.750000000000000000e+00
3.756097560975609539e+00
3.000000000000000000e+00
3.871794871794871806e+00
2.877551020408163129e+00
3.750000000000000000e+00
3.642857142857142794e+00
2.627450980392156854e+00
3.642857142857142794e+00
2.653846153846153744e+00
3.333333333333333481e+00
3.111111111111111160e+00
2.571428571428571619e+00
3.333333333333333481e+00
3.069767441860465240e+00
2.000000000000000000e+00
3.148936170212766061e+00
3.625000000000000000e+00
3.239130434782608869e+00
3.090909090909090828e+00
3.062500000000000000e+00
2.936170212765957466e+00
4.000000000000000000e+00
2.823529411764706065e+00
3.642857142857142794e+00
3.021739130434782705e+00
3.333333333333333481e+00
3.268292682926829062e+00
3.431818181818181657e+00
3.111111111111111160e+00
3.069767441860465240e+00
3.130434782608695787e+00
3.130434782608695787e+00
3.512195121951219523e+00
3.642857142857142794e+00
3.512195121951219523e+00
3.333333333333333481e+00
3.512195121951219523e+00
4.270270270270270174e+00
2.936170212765957466e+00
3.756097560975609539e+00
2.936170212765957466e+00
2.899999999999999911e+00
3.756097560975609539e+00
3.111111111111111160e+00
4.131578947368421240e+00
3.204545454545454586e+00
3.642857142857142794e+00
3.743589743589743613e+00
3.431818181818181657e+00
3.431818181818181657e+00
3.333333333333333481e+00
3.743589743589743613e+00
4.131578947368421240e+00
3.239130434782608869e+00
3.642857142857142794e+00
4.131578947368421240e+00
4.131578947368421240e+00
3.534883720930232620e+00
2.979591836734694077e+00
3.875000000000000000e+00
3.062500000000000000e+00
3.111111111111111160e+00
2.571428571428571619e+00
3.534883720930232620e+00
3.875000000000000000e+00
3.534883720930232620e+00
3.431818181818181657e+00
3.756097560975609539e+00
3.333333333333333481e+00
3.875000000000000000e+00
4.270270270270270174e+00
3.534883720930232620e+00
3.222222222222222321e+00
3.642857142857142794e+00
4.131578947368421240e+00
2.877551020408163129e+00
3.204545454545454586e+00
3.130434782608695787e+00
4.270270270270270174e+00
3.239130434782608869e+00
3.431818181818181657e+00
2.936170212765957466e+00
3.512195121951219523e+00
3.512195121951219523e+00
4.000000000000000000e+00
3.875000000000000000e+00
3.875000000000000000e+00
3.431818181818181657e+00
2.627450980392156854e+00
3.534883720930232620e+00
3.642857142857142794e+00
3.534883720930232620e+00
4.131578947368421240e+00
2.269230769230769162e+00
2.799999999999999822e+00
2.545454545454545414e+00
3.111111111111111160e+00
3.634146341463414753e+00
2.750000000000000000e+00
4.000000000000000000e+00
3.634146341463414753e+00
3.523809523809523725e+00
2.913043478260869623e+00
2.272727272727272929e+00
3.615384615384615419e+00
4.131578947368421240e+00
3.111111111111111160e+00
2.913043478260869623e+00
2.775510204081632626e+00
3.268292682926829062e+00
3.148936170212766061e+00
3.418604651162790553e+00
2.854166666666666519e+00
4.135135135135135087e+00
3.868421052631578760e+00
3.318181818181818343e+00
4.000000000000000000e+00
4.135135135135135087e+00
3.523809523809523725e+00
3.523809523809523725e+00
3.523809523809523725e+00
3.615384615384615419e+00
3.500000000000000000e+00
3.418604651162790553e+00
3.743589743589743613e+00
3.634146341463414753e+00
2.913043478260869623e+00
3.743589743589743613e+00
3.615384615384615419e+00
3.318181818181818343e+00
3.130434782608695787e+00
4.000000000000000000e+00
3.021739130434782705e+00
2.979591836734694077e+00
3.534883720930232620e+00
2.369565217391304213e+00
3.642857142857142794e+00
3.756097560975609539e+00
3.431818181818181657e+00
3.756097560975609539e+00
3.239130434782608869e+00
3.333333333333333481e+00
2.557692307692307487e+00
4.000000000000000000e+00
4.000000000000000000e+00
2.899999999999999911e+00
3.431818181818181657e+00
3.875000000000000000e+00
2.679245283018867774e+00
2.936170212765957466e+00
3.512195121951219523e+00
3.875000000000000000e+00
3.222222222222222321e+00
3.750000000000000000e+00
3.318181818181818343e+00
3.021739130434782705e+00
3.642857142857142794e+00
2.888888888888888840e+00
4.131578947368421240e+00
3.642857142857142794e+00
3.062500000000000000e+00
3.431818181818181657e+00
2.627450980392156854e+00
4.131578947368421240e+00
3.062500000000000000e+00
3.642857142857142794e+00
3.642857142857142794e+00
3.166666666666666519e+00
2.854166666666666519e+00
3.431818181818181657e+00
3.642857142857142794e+00
3.021739130434782705e+00
2.977272727272727071e+00
4.131578947368421240e+00
3.756097560975609539e+00
4.000000000000000000e+00
3.318181818181818343e+00
3.642857142857142794e+00
3.534883720930232620e+00
3.743589743589743613e+00
3.333333333333333481e+00
3.333333333333333481e+00
3.431818181818181657e+00
3.333333333333333481e+00
3.642857142857142794e+00
3.875000000000000000e+00
3.750000000000000000e+00
3.111111111111111160e+00
3.642857142857142794e+00
3.062500000000000000e+00
2.775510204081632626e+00
3.756097560975609539e+00
3.756097560975609539e+00
3.021739130434782705e+00
3.875000000000000000e+00
4.270270270270270174e+00
3.000000000000000000e+00
3.875000000000000000e+00
3.512195121951219523e+00
3.534883720930232620e+00
4.270270270270270174e+00
4.270270270270270174e+00
3.239130434782608869e+00
3.534883720930232620e+00
3.875000000000000000e+00
3.756097560975609539e+00
2.196721311475410054e+00
3.625000000000000000e+00
4.270270270270270174e+00
2.888888888888888840e+00
3.500000000000000000e+00
3.302325581395348930e+00
3.333333333333333481e+00
3.431818181818181657e+00
3.222222222222222321e+00
3.875000000000000000e+00
3.431818181818181657e+00
2.584905660377358583e+00
3.404761904761904656e+00
3.534883720930232620e+00
3.431818181818181657e+00
2.437500000000000000e+00
2.977272727272727071e+00
3.534883720930232620e+00
2.305084745762711940e+00
3.534883720930232620e+00
2.750000000000000000e+00
3.204545454545454586e+00
3.642857142857142794e+00
2.799999999999999822e+00
2.953488372093023173e+00
3.148936170212766061e+00
3.756097560975609539e+00
3.875000000000000000e+00
4.000000000000000000e+00
3.642857142857142794e+00
3.642857142857142794e+00
3.756097560975609539e+00
3.642857142857142794e+00
3.090909090909090828e+00
3.756097560975609539e+00
3.333333333333333481e+00
3.871794871794871806e+00
3.868421052631578760e+00
3.534883720930232620e+00
3.333333333333333481e+00
3.431818181818181657e+00
2.854166666666666519e+00
4.000000000000000000e+00
3.534883720930232620e+00
3.302325581395348930e+00
3.875000000000000000e+00
3.204545454545454586e+00
3.418604651162790553e+00
3.875000000000000000e+00
2.214285714285714413e+00
2.645833333333333481e+00
3.431818181818181657e+00
3.534883720930232620e+00
3.418604651162790553e+00
4.131578947368421240e+00
3.333333333333333481e+00
3.404761904761904656e+00
2.666666666666666519e+00
2.750000000000000000e+00
3.333333333333333481e+00
3.111111111111111160e+00
3.431818181818181657e+00
3.875000000000000000e+00
3.534883720930232620e+00
4.000000000000000000e+00
2.804347826086956541e+00
3.148936170212766061e+00
3.534883720930232620e+00
3.875000000000000000e+00
3.642857142857142794e+00
3.431818181818181657e+00
3.756097560975609539e+00
3.523809523809523725e+00
3.021739130434782705e+00
3.333333333333333481e+00
3.431818181818181657e+00
3.239130434782608869e+00
3.534883720930232620e+00
3.512195121951219523e+00
3.302325581395348930e+00
3.743589743589743613e+00
3.302325581395348930e+00
3.743589743589743613e+00
3.534883720930232620e+00
3.534883720930232620e+00
3.875000000000000000e+00
3.000000000000000000e+00
3.634146341463414753e+00
3.875000000000000000e+00
3.222222222222222321e+00
3.642857142857142794e+00
4.000000000000000000e+00
3.642857142857142794e+00
2.913043478260869623e+00
1.769230769230769162e+00
3.090909090909090828e+00
3.875000000000000000e+00
4.131578947368421240e+00
4.000000000000000000e+00
3.756097560975609539e+00
3.431818181818181657e+00
3.642857142857142794e+00
3.302325581395348930e+00
4.000000000000000000e+00
3.642857142857142794e+00
2.936170212765957466e+00
2.899999999999999911e+00
3.130434782608695787e+00
3.431818181818181657e+00
2.750000000000000000e+00
3.534883720930232620e+00
3.148936170212766061e+00
3.756097560975609539e+00
2.673469387755102122e+00
3.021739130434782705e+00
3.875000000000000000e+00
3.756097560975609539e+00
3.239130434782608869e+00
4.000000000000000000e+00
2.888888888888888840e+00
4.000000000000000000e+00
4.000000000000000000e+00
3.534883720930232620e+00
2.695652173913043459e+00
3.431818181818181657e+00
2.936170212765957466e+00
3.756097560975609539e+00
3.268292682926829062e+00
3.222222222222222321e+00
3.418604651162790553e+00
3.302325581395348930e+00
4.270270270270270174e+00
3.111111111111111160e+00
3.302325581395348930e+00
2.913043478260869623e+00
2.700000000000000178e+00
2.913043478260869623e+00
2.775510204081632626e+00
2.854166666666666519e+00
2.823529411764706065e+00
3.534883720930232620e+00
3.111111111111111160e+00
2.723404255319148870e+00
3.756097560975609539e+00
4.131578947368421240e+00
3.146341463414634276e+00
3.333333333333333481e+00
3.642857142857142794e+00
3.431818181818181657e+00
3.204545454545454586e+00
3.333333333333333481e+00
2.600000000000000089e+00
4.000000000000000000e+00
3.756097560975609539e+00
2.823529411764706065e+00
3.642857142857142794e+00
3.148936170212766061e+00
3.756097560975609539e+00
3.148936170212766061e+00
3.642857142857142794e+00
3.534883720930232620e+00
3.512195121951219523e+00
3.111111111111111160e+00
3.875000000000000000e+00
3.534883720930232620e+00
2.750000000000000000e+00
3.642857142857142794e+00
4.131578947368421240e+00
3.743589743589743613e+00
2.913043478260869623e+00
3.404761904761904656e+00
2.750000000000000000e+00
3.431818181818181657e+00
3.642857142857142794e+00
3.062500000000000000e+00
3.534883720930232620e+00
2.823529411764706065e+00
3.875000000000000000e+00
3.642857142857142794e+00
3.375000000000000000e+00
3.111111111111111160e+00
3.875000000000000000e+00
3.431818181818181657e+00
4.000000000000000000e+00
2.958333333333333481e+00
3.743589743589743613e+00
3.021739130434782705e+00
3.111111111111111160e+00
3.756097560975609539e+00
3.756097560975609539e+00
4.131578947368421240e+00
3.625000000000000000e+00
3.431818181818181657e+00
3.404761904761904656e+00
4.131578947368421240e+00
2.977272727272727071e+00
3.868421052631578760e+00
3.418604651162790553e+00
3.875000000000000000e+00
3.404761904761904656e+00
2.645833333333333481e+00
1.786885245901639330e+00
3.239130434782608869e+00
3.021739130434782705e+00
2.269230769230769162e+00
3.431818181818181657e+00
3.130434782608695787e+00
3.534883720930232620e+00
2.979591836734694077e+00
4.131578947368421240e+00
3.642857142857142794e+00
3.431818181818181657e+00
2.979591836734694077e+00
2.913043478260869623e+00
3.642857142857142794e+00
3.512195121951219523e+00
3.756097560975609539e+00
3.534883720930232620e+00
3.875000000000000000e+00
3.756097560975609539e+00
3.756097560975609539e+00
3.875000000000000000e+00
2.936170212765957466e+00
3.756097560975609539e+00
2.979591836734694077e+00
4.000000000000000000e+00
3.431818181818181657e+00
3.268292682926829062e+00
3.404761904761904656e+00
4.000000000000000000e+00
3.534883720930232620e+00
3.512195121951219523e+00
2.181818181818181657e+00
4.000000000000000000e+00
3.642857142857142794e+00
3.062500000000000000e+00
4.131578947368421240e+00
3.534883720930232620e+00
3.642857142857142794e+00
3.642857142857142794e+00
2.823529411764706065e+00
3.642857142857142794e+00
2.899999999999999911e+00
3.239130434782608869e+00
3.523809523809523725e+00
3.642857142857142794e+00
3.634146341463414753e+00
3.333333333333333481e+00
3.069767441860465240e+00
3.431818181818181657e+00
3.333333333333333481e+00
3.875000000000000000e+00
4.000000000000000000e+00
2.557692307692307487e+00
3.625000000000000000e+00
3.756097560975609539e+00
2.958333333333333481e+00
3.875000000000000000e+00
3.534883720930232620e+00
3.333333333333333481e+00
3.534883720930232620e+00
3.642857142857142794e+00
3.534883720930232620e+00
2.545454545454545414e+00
3.756097560975609539e+00
4.270270270270270174e+00
3.756097560975609539e+00
3.333333333333333481e+00
3.756097560975609539e+00
3.534883720930232620e+00
3.875000000000000000e+00
3.875000000000000000e+00
3.431818181818181657e+00
4.131578947368421240e+00
3.431818181818181657e+00
3.239130434782608869e+00
2.958333333333333481e+00
3.130434782608695787e+00
1.822580645161290258e+00
3.333333333333333481e+00
3.333333333333333481e+00
3.130434782608695787e+00
4.131578947368421240e+00
3.318181818181818343e+00
3.111111111111111160e+00
4.000000000000000000e+00
3.418604651162790553e+00
3.431818181818181657e+00
3.756097560975609539e+00
4.000000000000000000e+00
3.239130434782608869e+00
2.145161290322580516e+00
4.131578947368421240e+00
3.186046511627906863e+00
3.642857142857142794e+00
3.756097560975609539e+00
4.000000000000000000e+00
3.418604651162790553e+00
4.000000000000000000e+00
3.756097560975609539e+00
3.431818181818181657e+00
3.756097560975609539e+00
3.333333333333333481e+00
3.239130434782608869e+00
3.625000000000000000e+00
3.333333333333333481e+00
3.512195121951219523e+00
3.875000000000000000e+00
3.062500000000000000e+00
3.756097560975609539e+00
