-1.260000000000000009e+00
-1.399999999999999911e+00
-1.250000000000000000e+00
-1.090000000000000080e+00
-7.002141327623125910e-01
-1.245000000000000107e+00
-1.054999999999999938e+00
-1.185000000000000053e+00
-6.712802768166089562e-01
-7.851002865329512748e-01
-7.311827956989247479e-01
-8.684210526315789824e-01
-1.100000000000000089e+00
-1.139999999999999902e+00
-7.419928825622775781e-01
-3.227091633466135367e-01
-1.114999999999999991e+00
-1.080000000000000071e+00
-7.129186602870812850e-01
-3.111111111111111160e-01
-7.764705882352941346e-01
-1.030000000000000027e+00
-6.241457858769932088e-01
-6.005154639175257492e-01
-7.627737226277372384e-01
-7.210743801652892415e-01
-1.155000000000000027e+00
-1.074999999999999956e+00
-8.312236286919830741e-01
-7.480620155038759655e-01
-8.350694444444444198e-01
-8.005908419497784756e-01
-1.114999999999999991e+00
-1.090000000000000080e+00
-8.363095238095238360e-01
-6.743295019157088399e-01
-7.922252010723860316e-01
-1.080000000000000071e+00
-4.837758112094395213e-01
-9.420849420849420897e-01
-6.457765667574931756e-01
-8.635824436536180260e-01
-3.469387755102040782e-01
-4.935064935064935043e-01
-7.334754797441365159e-01
-5.898004434589800837e-01
-1.054999999999999938e+00
-2.857142857142856984e-01
-7.140381282495666948e-01
-1.209999999999999964e+00
1.036269430051813510e-02
1.801242236024844789e-01
-1.549295774647887203e-01
-5.707656612529001805e-01
-1.125000000000000000e+00
3.928571428571428492e-01
-2.682926829268292845e-01
-4.931506849315068219e-01
-1.135000000000000009e+00
-8.702702702702702631e-01
-1.991341991341991358e-01
6.525423728813559698e-01
-5.339805825242718157e-02
1.092896174863387977e-02
-5.352112676056337559e-01
-3.439716312056737557e-01
-1.447368421052631637e-01
-9.131693198263386435e-01
-1.104999999999999982e+00
-4.693877551020408379e-01
-5.320855614973262204e-01
-1.100000000000000089e+00
1.538461538461538547e-01
-1.845493562231759754e-01
-8.995771670190274572e-01
-4.935064935064935043e-01
-5.208333333333333703e-01
-5.852017937219731181e-01
-1.020000000000000018e+00
-2.231075697211155340e-01
-1.062801932367149760e-01
-9.079754601226993627e-01
-6.474358974358974672e-01
3.087248322147650992e-01
-6.822033898305084332e-01
-2.521367521367521292e-01
-3.645833333333333565e-02
6.228070175438596978e-01
-2.960288808664259808e-01
-1.914893617021276584e-01
1.074468085106383031e+00
-1.080000000000000071e+00
-5.065789473684210176e-01
-6.728971962616822067e-01
-2.010050251256281437e-02
-6.113445378151260989e-01
-7.914183551847437936e-01
1.708860759493670833e-01
-2.322834645669291376e-01
-6.919431279620853470e-01
-4.036697247706422242e-01
-6.086956521739130821e-01
1.638888888888888840e+00
2.490566037735848948e+00
6.666666666666666297e-01
8.224299065420560551e-01
-5.717884130982368029e-01
2.095238095238095344e+00
1.890625000000000000e+00
3.239130434782608869e+00
3.062500000000000000e+00
1.746987951807228989e-01
3.148936170212766061e+00
3.431818181818181657e+00
3.318181818181818343e+00
2.679245283018867774e+00
2.673469387755102122e+00
3.062500000000000000e+00
1.681159420289854989e+00
2.775510204081632626e+00
3.642857142857142794e+00
2.362068965517241548e+00
2.823529411764706065e+00
9.117647058823529216e-01
4.000000000000000000e+00
3.062500000000000000e+00
1.323943661971830998e+00
1.676056338028169002e+00
3.431818181818181657e+00
5.354330708661417804e-01
1.241379310344827624e+00
3.756097560975609539e+00
1.173913043478260976e+00
1.371794871794871806e+00
4.233576642335766249e-01
2.050847457627118509e+00
5.354330708661417804e-01
2.421052631578947345e+00
1.215909090909090828e+00
3.642857142857142794e+00
3.239130434782608869e+00
3.431818181818181657e+00
2.636363636363636243e+00
3.404761904761904656e+00
3.222222222222222321e+00
3.642857142857142794e+00
2.725490196078431460e+00
3.756097560975609539e+00
4.270270270270270174e+00
3.875000000000000000e+00
3.222222222222222321e+00
3.404761904761904656e+00
3.404761904761904656e+00
4.338235294117647189e-01
3.021739130434782705e+00
3.148936170212766061e+00
2.425925925925926041e+00
2.362068965517241548e+00
3.523809523809523725e+00
3.302325581395348930e+00
3.875000000000000000e+00
2.979591836734694077e+00
3.375000000000000000e+00
2.750000000000000000e+00
2.979591836734694077e+00
2.645833333333333481e+00
1.151162790697674465e+00
3.625000000000000000e+00
2.557692307692307487e+00
4.131578947368421240e+00
3.534883720930232620e+00
3.756097560975609539e+00
4.285714285714285587e+00
3.431818181818181657e+00
3.743589743589743613e+00
2.490566037735848948e+00
3.534883720930232620e+00
3.333333333333333481e+00
3.534883720930232620e+00
3.148936170212766061e+00
3.743589743589743613e+00
4.138888888888889284e+00
3.875000000000000000e+00
2.979591836734694077e+00
2.725490196078431460e+00
3.222222222222222321e+00
3.431818181818181657e+00
2.700000000000000178e+00
3.756097560975609539e+00
3.431818181818181657e+00
3.875000000000000000e+00
3.418604651162790553e+00
2.899999999999999911e+00
4.000000000000000000e+00
3.642857142857142794e+00
3.239130434782608869e+00
3.222222222222222321e+00
3.642857142857142794e+00
3.875000000000000000e+00
4.270270270270270174e+00
2.979591836734694077e+00
3.642857142857142794e+00
3.642857142857142794e+00
3.642857142857142794e+00
3.756097560975609539e+00
3.756097560975609539e+00
3.634146341463414753e+00
3.642857142857142794e+00
3.318181818181818343e+00
3.431818181818181657e+00
3.333333333333333481e+00
3.302325581395348930e+00
2.723404255319148870e+00
3.418604651162790553e+00
4.000000000000000000e+00
2.700000000000000178e+00
3.062500000000000000e+00
3.642857142857142794e+00
3.642857142857142794e+00
3.642857142857142794e+00
3.130434782608695787e+00
2.679245283018867774e+00
3.875000000000000000e+00
3.625000000000000000e+00
2.854166666666666519e+00
2.823529411764706065e+00
4.131578947368421240e+00
4.270270270270270174e+00
3.418604651162790553e+00
3.634146341463414753e+00
3.418604651162790553e+00
2.888888888888888840e+00
3.756097560975609539e+00
2.854166666666666519e+00
3.148936170212766061e+00
4.000000000000000000e+00
4.270270270270270174e+00
3.875000000000000000e+00
3.111111111111111160e+00
3.534883720930232620e+00
4.131578947368421240e+00
2.936170212765957466e+00
3.431818181818181657e+00
3.534883720930232620e+00
2.301886792452830122e+00
3.222222222222222321e+00
3.431818181818181657e+00
2.673469387755102122e+00
3.512195121951219523e+00
4.131578947368421240e+00
3.090909090909090828e+00
3.318181818181818343e+00
3.302325581395348930e+00
4.138888888888889284e+00
3.239130434782608869e+00
2.804347826086956541e+00
3.743589743589743613e+00
4.270270270270270174e+00
3.642857142857142794e+00
2.854166666666666519e+00
3.756097560975609539e+00
3.756097560975609539e+00
2.529411764705882248e+00
2.611111111111111160e+00
3.523809523809523725e+00
4.000000000000000000e+00
3.431818181818181657e+00
4.131578947368421240e+00
4.000000000000000000e+00
3.333333333333333481e+00
3.404761904761904656e+00
3.333333333333333481e+00
3.743589743589743613e+00
3.333333333333333481e+00
3.431818181818181657e+00
3.148936170212766061e+00
3.750000000000000000e+00
1.936507936507936511e+00
3.756097560975609539e+00
2.899999999999999911e+00
4.131578947368421240e+00
3.642857142857142794e+00
3.111111111111111160e+00
3.302325581395348930e+00
2.600000000000000089e+00
3.875000000000000000e+00
3.431818181818181657e+00
3.875000000000000000e+00
2.775510204081632626e+00
2.977272727272727071e+00
2.600000000000000089e+00
3.239130434782608869e+00
3.204545454545454586e+00
3.534883720930232620e+00
2.431372549019607643e+00
3.534883720930232620e+00
3.642857142857142794e+00
3.062500000000000000e+00
3.239130434782608869e+00
4.000000000000000000e+00
3.090909090909090828e+00
2.653846153846153744e+00
2.899999999999999911e+00
2.823529411764706065e+00
3.642857142857142794e+00
3.642857142857142794e+00
3.756097560975609539e+00
3.062500000000000000e+00
3.431818181818181657e+00
3.148936170212766061e+00
3.756097560975609539e+00
3.302325581395348930e+00
3.239130434782608869e+00
2.823529411764706065e+00
3.166666666666666519e+00
3.534883720930232620e+00
2.673469387755102122e+00
2.679245283018867774e+00
3.021739130434782705e+00
3.534883720930232620e+00
3.239130434782608869e+00
2.584905660377358583e+00
3.042553191489361541e+00
2.557692307692307487e+00
2.245614035087719174e+00
3.431818181818181657e+00
2.777777777777777679e+00
1.052631578947368363e+00
5.040650406504064707e-01
3.148936170212766061e+00
3.756097560975609539e+00
3.875000000000000000e+00
3.642857142857142794e+00
3.404761904761904656e+00
2.700000000000000178e+00
3.333333333333333481e+00
3.204545454545454586e+00
4.131578947368421240e+00
3.222222222222222321e+00
-8.463356973995271870e-01
3.204545454545454586e+00
3.418604651162790553e+00
4.000000000000000000e+00
4.000000000000000000e+00
3.418604651162790553e+00
3.333333333333333481e+00
3.625000000000000000e+00
3.431818181818181657e+00
3.875000000000000000e+00
3.750000000000000000e+00
3.642857142857142794e+00
4.270270270270270174e+00
3.871794871794871806e+00
3.875000000000000000e+00
3.875000000000000000e+00
3.021739130434782705e+00
2.145161290322580516e+00
4.270270270270270174e+00
3.042553191489361541e+00
3.534883720930232620e+00
2.877551020408163129e+00
1.661290322580645240e+00
3.875000000000000000e+00
3.625000000000000000e+00
3.148936170212766061e+00
4.131578947368421240e+00
3.302325581395348930e+00
3.404761904761904656e+00
2.936170212765957466e+00
2.303571428571428381e+00
3.062500000000000000e+00
2.829787234042553390e+00
4.000000000000000000e+00
3.512195121951219523e+00
1.061946902654867242e-01
1.777777777777777679e+00
3.239130434782608869e+00
3.239130434782608869e+00
3.021739130434782705e+00
3.333333333333333481e+00
3.642857142857142794e+00
2.877551020408163129e+00
3.534883720930232620e+00
4.000000000000000000e+00
2.700000000000000178e+00
3.146341463414634276e+00
2.700000000000000178e+00
3.642857142857142794e+00
2.877551020408163129e+00
3.186046511627906863e+00
3.148936170212766061e+00
2.979591836734694077e+00
3.534883720930232620e+00
4.000000000000000000e+00
2.899999999999999911e+00
2.723404255319148870e+00
3.625000000000000000e+00
3.875000000000000000e+00
3.642857142857142794e+00
3.431818181818181657e+00
3.285714285714285587e+00
2.557692307692307487e+00
3.875000000000000000e+00
2.557692307692307487e+00
3.404761904761904656e+00
3.487179487179487225e+00
4.000000000000000000e+00
2.645833333333333481e+00
3.487179487179487225e+00
3.743589743589743613e+00
4.000000000000000000e+00
2.854166666666666519e+00
3.625000000000000000e+00
3.743589743589743613e+00
2.725490196078431460e+00
4.000000000000000000e+00
3.268292682926829062e+00
4.000000000000000000e+00
3.534883720930232620e+00
3.615384615384615419e+00
3.875000000000000000e+00
3.512195121951219523e+00
1.903225806451612989e+00
3.756097560975609539e+00
2.877551020408163129e+00
3.642857142857142794e+00
2.545454545454545414e+00
3.625000000000000000e+00
3.750000000000000000e+00
3.222222222222222321e+00
2.541666666666666519e+00
3.634146341463414753e+00
2.899999999999999911e+00
3.634146341463414753e+00
3.302325581395348930e+00
3.418604651162790553e+00
3.390243902439024293e+00
3.222222222222222321e+00
3.222222222222222321e+00
3.871794871794871806e+00
3.534883720930232620e+00
3.634146341463414753e+00
2.220338983050847315e+00
3.042553191489361541e+00
3.418604651162790553e+00
3.390243902439024293e+00
3.204545454545454586e+00
3.222222222222222321e+00
3.431818181818181657e+00
3.418604651162790553e+00
3.750000000000000000e+00
3.534883720930232620e+00
3.875000000000000000e+00
4.000000000000000000e+00
3.756097560975609539e+00
3.868421052631578760e+00
3.756097560975609539e+00
3.642857142857142794e+00
3.333333333333333481e+00
3.512195121951219523e+00
4.000000000000000000e+00
3.431818181818181657e+00
3.431818181818181657e+00
3.512195121951219523e+00
3.625000000000000000e+00
4.270270270270270174e+00
3.534883720930232620e+00
3.642857142857142794e+00
3.512195121951219523e+00
3.875000000000000000e+00
2.303571428571428381e+00
3.534883720930232620e+00
3.756097560975609539e+00
4.270270270270270174e+00
2.557692307692307487e+00
3.642857142857142794e+00
2.979591836734694077e+00
3.864864864864864913e+00
3.062500000000000000e+00
3.431818181818181657e+00
4.270270270270270174e+00
3.431818181818181657e+00
3.534883720930232620e+00
1.547169811320754818e+00
2.750000000000000000e+00
3.875000000000000000e+00
3.875000000000000000e+00
3.875000000000000000e+00
3.625000000000000000e+00
3.875000000000000000e+00
3.166666666666666519e+00
3.239130434782608869e+00
2.775510204081632626e+00
3.431818181818181657e+00
2.913043478260869623e+00
3.642857142857142794e+00
3.431818181818181657e+00
3.634146341463414753e+00
3.148936170212766061e+00
3.130434782608695787e+00
3.642857142857142794e+00
2.979591836734694077e+00
2.979591836734694077e+00
4.000000000000000000e+00
3.534883720930232620e+00
3.130434782608695787e+00
3.534883720930232620e+00
3.642857142857142794e+00
3.625000000000000000e+00
3.871794871794871806e+00
3.534883720930232620e+00
2.979591836734694077e+00
4.000000000000000000e+00
3.743589743589743613e+00
3.431818181818181657e+00
3.431818181818181657e+00
3.302325581395348930e+00
3.756097560975609539e+00
3.239130434782608869e+00
3.875000000000000000e+00
3.642857142857142794e+00
2.095238095238095344e+00
4.000000000000000000e+00
4.131578947368421240e+00
4.000000000000000000e+00
3.062500000000000000e+00
4.131578947368421240e+00
4.000000000000000000e+00
2.936170212765957466e+00
3.062500000000000000e+00
2.500000000000000000e+00
3.750000000000000000e+00
4.131578947368421240e+00
4.000000000000000000e+00
3.875000000000000000e+00
3.642857142857142794e+00
3.404761904761904656e+00
3.333333333333333481e+00
3.239130434782608869e+00
4.000000000000000000e+00
3.642857142857142794e+00
3.148936170212766061e+00
3.743589743589743613e+00
3.431818181818181657e+00
4.000000000000000000e+00
3.431818181818181657e+00
3.625000000000000000e+00
4.000000000000000000e+00
4.270270270270270174e+00
4.000000000000000000e+00
3.743589743589743613e+00
3.534883720930232620e+00
3.333333333333333481e+00
3.534883720930232620e+00
4.270270270270270174e+00
3.148936170212766061e+00
3.756097560975609539e+00
3.418604651162790553e+00
3.250000000000000000e+00
4.000000000000000000e+00
3.875000000000000000e+00
3.333333333333333481e+00
2.725490196078431460e+00
3.166666666666666519e+00
3.204545454545454586e+00
4.131578947368421240e+00
3.642857142857142794e+00
3.111111111111111160e+00
3.404761904761904656e+00
3.062500000000000000e+00
3.642857142857142794e+00
2.723404255319148870e+00
3.634146341463414753e+00
3.756097560975609539e+00
3.062500000000000000e+00
3.642857142857142794e+00
4.000000000000000000e+00
3.204545454545454586e+00
3.756097560975609539e+00
3.756097560975609539e+00
3.375000000000000000e+00
2.899999999999999911e+00
3.512195121951219523e+00
2.421052631578947345e+00
3.534883720930232620e+00
3.239130434782608869e+00
3.148936170212766061e+00
2.804347826086956541e+00
3.302325581395348930e+00
2.584905660377358583e+00
3.090909090909090828e+00
3.111111111111111160e+00
3.431818181818181657e+00
3.534883720930232620e+00
3.634146341463414753e+00
2.611111111111111160e+00
4.000000000000000000e+00
2.750000000000000000e+00
3.222222222222222321e+00
3.634146341463414753e+00
3.756097560975609539e+00
3.239130434782608869e+00
3.069767441860465240e+00
4.131578947368421240e+00
3.625000000000000000e+00
3.642857142857142794e+00
3.333333333333333481e+00
3.000000000000000000e+00
2.431372549019607643e+00
2.000000000000000000e+00
3.868421052631578760e+00
3.111111111111111160e+00
2.145161290322580516e+00
3.487179487179487225e+00
2.823529411764706065e+00
3.642857142857142794e+00
3.404761904761904656e+00
4.000000000000000000e+00
3.222222222222222321e+00
3.148936170212766061e+00
3.534883720930232620e+00
2.829787234042553390e+00
3.204545454545454586e+00
3.642857142857142794e+00
4.270270270270270174e+00
3.756097560975609539e+00
3.756097560975609539e+00
2.645833333333333481e+00
2.823529411764706065e+00
3.868421052631578760e+00
3.875000000000000000e+00
3.756097560975609539e+00
2.695652173913043459e+00
3.239130434782608869e+00
3.021739130434782705e+00
3.333333333333333481e+00
2.396226415094339757e+00
3.239130434782608869e+00
2.673469387755102122e+00
3.634146341463414753e+00
4.000000000000000000e+00
2.899999999999999911e+00
2.750000000000000000e+00
3.756097560975609539e+00
3.512195121951219523e+00
3.875000000000000000e+00
4.270270270270270174e+00
3.868421052631578760e+00
2.490566037735848948e+00
3.756097560975609539e+00
4.000000000000000000e+00
3.736842105263157965e+00
3.431818181818181657e+00
3.239130434782608869e+00
3.642857142857142794e+00
4.000000000000000000e+00
3.333333333333333481e+00
2.666666666666666519e+00
4.270270270270270174e+00
3.239130434782608869e+00
3.523809523809523725e+00
3.534883720930232620e+00
3.204545454545454586e+00
3.875000000000000000e+00
3.875000000000000000e+00
2.775510204081632626e+00
3.756097560975609539e+00
3.625000000000000000e+00
3.756097560975609539e+00
3.062500000000000000e+00
3.634146341463414753e+00
3.333333333333333481e+00
3.431818181818181657e+00
3.431818181818181657e+00
3.318181818181818343e+00
3.534883720930232620e+00
2.936170212765957466e+00
3.404761904761904656e+00
3.642857142857142794e+00
3.625000000000000000e+00
2.571428571428571619e+00
3.634146341463414753e+00
2.979591836734694077e+00
3.239130434782608869e+00
3.642857142857142794e+00
4.000000000000000000e+00
4.270270270270270174e+00
3.404761904761904656e+00
2.750000000000000000e+00
3.404761904761904656e+00
2.854166666666666519e+00
3.404761904761904656e+00
3.062500000000000000e+00
3.534883720930232620e+00
3.130434782608695787e+00
3.534883720930232620e+00
3.534883720930232620e+00
2.775510204081632626e+00
3.239130434782608869e+00
2.363636363636363757e+00
3.302325581395348930e+00
4.131578947368421240e+00
3.239130434782608869e+00
3.634146341463414753e+00
3.523809523809523725e+00
4.131578947368421240e+00
3.756097560975609539e+00
3.431818181818181657e+00
3.512195121951219523e+00
3.333333333333333481e+00
3.743589743589743613e+00
3.431818181818181657e+00
2.888888888888888840e+00
3.204545454545454586e+00
3.875000000000000000e+00
3.756097560975609539e+00
3.333333333333333481e+00
2.958333333333333481e+00
3.069767441860465240e+00
2.064516129032258007e+00
2.979591836734694077e+00
2.979591836734694077e+00
3.625000000000000000e+00
2.220338983050847315e+00
3.222222222222222321e+00
3.871794871794871806e+00
3.148936170212766061e+00
3.148936170212766061e+00
3.404761904761904656e+00
3.500000000000000000e+00
3.204545454545454586e+00
2.979591836734694077e+00
3.534883720930232620e+00
2.854166666666666519e+00
3.634146341463414753e+00
3.625000000000000000e+00
3.512195121951219523e+00
3.111111111111111160e+00
3.875000000000000000e+00
3.431818181818181657e+00
3.318181818181818343e+00
3.333333333333333481e+00
1.769230769230769162e+00
3.318181818181818343e+00
2.899999999999999911e+00
3.743589743589743613e+00
3.021739130434782705e+00
3.431818181818181657e+00
3.875000000000000000e+00
4.270270270270270174e+00
4.000000000000000000e+00
4.000000000000000000e+00
4.000000000000000000e+00
3.239130434782608869e+00
2.333333333333333481e+00
3.756097560975609539e+00
3.431818181818181657e+00
3.756097560975609539e+00
1.966101694915254328e+00
3.642857142857142794e+00
3.642857142857142794e+00
4.000000000000000000e+00
3.333333333333333481e+00
2.854166666666666519e+00
3.069767441860465240e+00
3.333333333333333481e+00
3.534883720930232620e+00
4.270270270270270174e+00
3.743589743589743613e+00
3.204545454545454586e+00
6.115702479338842590e-01
1.698412698412698374e+00
3.042553191489361541e+00
3.222222222222222321e+00
3.318181818181818343e+00
2.799999999999999822e+00
2.500000000000000000e+00
3.418604651162790553e+00
3.418604651162790553e+00
2.157894736842105310e+00
3.186046511627906863e+00
3.750000000000000000e+00
2.823529411764706065e+00
3.130434782608695787e+00
3.431818181818181657e+00
2.936170212765957466e+00
2.863636363636363757e+00
1.168674698795180822e+00
3.302325581395348930e+00
4.285714285714285587e+00
3.625000000000000000e+00
2.305084745762711940e+00
3.861111111111111160e+00
2.888888888888888840e+00
3.062500000000000000e+00
2.877551020408163129e+00
3.642857142857142794e+00
3.069767441860465240e+00
2.627450980392156854e+00
3.239130434782608869e+00
3.431818181818181657e+00
3.148936170212766061e+00
4.270270270270270174e+00
3.756097560975609539e+00
3.062500000000000000e+00
3.239130434782608869e+00
3.642857142857142794e+00
3.062500000000000000e+00
3.642857142857142794e+00
3.431818181818181657e+00
3.615384615384615419e+00
3.148936170212766061e+00
3.021739130434782705e+00
3.875000000000000000e+00
3.756097560975609539e+00
4.000000000000000000e+00
3.204545454545454586e+00
4.000000000000000000e+00
3.868421052631578760e+00
3.204545454545454586e+00
4.000000000000000000e+00
3.333333333333333481e+00
3.512195121951219523e+00
2.854166666666666519e+00
3.534883720930232620e+00
2.482142857142857206e+00
2.490566037735848948e+00
1.980769230769230838e+00
3.239130434782608869e+00
2.541666666666666519e+00
3.062500000000000000e+00
3.431818181818181657e+00
3.146341463414634276e+00
2.363636363636363757e+00
2.365384615384615419e+00
2.207547169811320931e+00
3.512195121951219523e+00
3.333333333333333481e+00
2.750000000000000000e+00
3.318181818181818343e+00
3.875000000000000000e+00
3.642857142857142794e+00
2.333333333333333481e+00
2.135593220338983134e+00
2.083333333333333481e+00
2.979591836734694077e+00
3.431818181818181657e+00
4.270270270270270174e+00
3.756097560975609539e+00
3.756097560975609539e+00
2.823529411764706065e+00
3.268292682926829062e+00
3.418604651162790553e+00
3.302325581395348930e+00
3.404761904761904656e+00
4.000000000000000000e+00
4.000000000000000000e+00
2.977272727272727071e+00
3.875000000000000000e+00
3.756097560975609539e+00
1.844827586206896575e+00
2.979591836734694077e+00
2.461538461538461675e+00
4.131578947368421240e+00
2.700000000000000178e+00
3.534883720930232620e+00
3.875000000000000000e+00
4.000000000000000000e+00
3.875000000000000000e+00
2.750000000000000000e+00
3.534883720930232620e+00
3.431818181818181657e+00
2.545454545454545414e+00
3.404761904761904656e+00
3.302325581395348930e+00
2.700000000000000178e+00
3.750000000000000000e+00
4.131578947368421240e+00
3.875000000000000000e+00
3.148936170212766061e+00
3.239130434782608869e+00
4.270270270270270174e+00
3.625000000000000000e+00
3.111111111111111160e+00
3.534883720930232620e+00
3.204545454545454586e+00
3.875000000000000000e+00
3.404761904761904656e+00
3.743589743589743613e+00
3.875000000000000000e+00
3.743589743589743613e+00
3.634146341463414753e+00
3.875000000000000000e+00
3.239130434782608869e+00
3.615384615384615419e+00
2.979591836734694077e+00
3.512195121951219523e+00
3.148936170212766061e+00
3.418604651162790553e+00
3.130434782608695787e+00
3.500000000000000000e+00
2.936170212765957466e+00
3.625000000000000000e+00
3.534883720930232620e+00
3.500000000000000000e+00
3.875000000000000000e+00
3.756097560975609539e+00
4.000000000000000000e+00
3.333333333333333481e+00
4.270270270270270174e+00
4.131578947368421240e+00
4.000000000000000000e+00
3.642857142857142794e+00
3.111111111111111160e+00
3.642857142857142794e+00
3.431818181818181657e+00
3.021739130434782705e+00
3.069767441860465240e+00
3.534883720930232620e+00
3.750000000000000000e+00
3.333333333333333481e+00
3.523809523809523725e+00
3.204545454545454586e+00
3.404761904761904656e+00
4.000000000000000000e+00
4.270270270270270174e+00
2.557692307692307487e+00
3.534883720930232620e+00
3.534883720930232620e+00
3.875000000000000000e+00
3.634146341463414753e+00
2.775510204081632626e+00
3.239130434782608869e+00
3.625000000000000000e+00
3.875000000000000000e+00
3.875000000000000000e+00
3.431818181818181657e+00
3.642857142857142794e+00
3.534883720930232620e+00
2.979591836734694077e+00
3.302325581395348930e+00
3.634146341463414753e+00
3.148936170212766061e+00
3.756097560975609539e+00
2.679245283018867774e+00
3.523809523809523725e+00
4.270270270270270174e+00
4.270270270270270174e+00
2.181818181818181657e+00
3.642857142857142794e+00
4.000000000000000000e+00
3.756097560975609539e+00
3.512195121951219523e+00
3.875000000000000000e+00
3.111111111111111160e+00
4.131578947368421240e+00
3.743589743589743613e+00
2.600000000000000089e+00
3.222222222222222321e+00
3.431818181818181657e+00
2.557692307692307487e+00
3.875000000000000000e+00
3.204545454545454586e+00
3.404761904761904656e+00
3.333333333333333481e+00
3.615384615384615419e+00
3.062500000000000000e+00
3.431818181818181657e+00
4.270270270270270174e+00
3.743589743589743613e+00
3.756097560975609539e+00
1.611940298507462677e+00
3.512195121951219523e+00
4.131578947368421240e+00
2.829787234042553390e+00
4.000000000000000000e+00
2.245614035087719174e+00
3.756097560975609539e+00
3.605263157894736725e+00
2.775510204081632626e+00
3.390243902439024293e+00
4.270270270270270174e+00
4.270270270270270174e+00
2.899999999999999911e+00
3.756097560975609539e+00
2.000000000000000000e+00
3.318181818181818343e+00
3.642857142857142794e+00
3.875000000000000000e+00
3.875000000000000000e+00
3.642857142857142794e+00
2.799999999999999822e+00
3.333333333333333481e+00
3.204545454545454586e+00
3.062500000000000000e+00
3.875000000000000000e+00
3.534883720930232620e+00
2.490566037735848948e+00
2.584905660377358583e+00
4.270270270270270174e+00
