-1.365612648221343983e+00
-1.254999999999999893e+00
-1.300000000000000044e+00
-1.139999999999999902e+00
-1.175000000000000044e+00
-1.060000000000000053e+00
-1.060000000000000053e+00
-1.189999999999999947e+00
-1.094999999999999973e+00
-8.825503355704698016e-01
-7.435897435897436125e-01
-1.044999999999999929e+00
-6.746203904555314601e-01
-1.117403314917126966e+00
-1.060000000000000053e+00
-1.050000000000000044e+00
-6.954314720812182493e-01
-1.084999999999999964e+00
-7.662771285475793448e-01
-7.595190380761522864e-01
-9.335989375830012760e-01
-1.110000000000000098e+00
-6.993127147766322604e-01
-1.195000000000000062e+00
-7.991071428571429047e-01
-1.110000000000000098e+00
-7.737909516380655495e-01
-1.110000000000000098e+00
-8.554913294797688028e-01
-3.560606060606060774e-01
-1.159999999999999920e+00
-5.882352941176470784e-01
-7.956204379562044071e-01
-1.074999999999999956e+00
-1.189999999999999947e+00
-1.104999999999999982e+00
-2.490118577075098871e-01
-5.394736842105263275e-01
-7.127659574468084847e-01
-4.903581267217630990e-01
-5.823389021479713490e-01
-8.447893569844789896e-01
2.171052631578947456e-01
-5.072992700729926918e-01
-1.104999999999999982e+00
-1.090000000000000080e+00
-1.020000000000000018e+00
-7.532188841201716833e-01
-4.802867383512544608e-01
-1.064999999999999947e+00
-1.114999999999999991e+00
-1.024999999999999911e+00
-7.167487684729063613e-01
-7.592592592592593004e-01
-1.064999999999999947e+00
-8.562300319488818090e-01
-8.820445609436434742e-01
-1.120000000000000107e+00
-6.666666666666666297e-01
-5.665634674922600533e-01
-3.252595155709342434e-01
-4.021739130434782705e-01
1.250000000000000000e-01
-7.818181818181818565e-01
-1.074999999999999956e+00
-8.352214212152420103e-01
-5.614035087719297934e-01
-8.556581986143186880e-01
-4.444444444444444198e-01
-4.328358208955223607e-01
-1.094999999999999973e+00
-9.716231555051078050e-01
-1.136363636363636326e-01
-8.140495867768594573e-01
-1.094999999999999973e+00
-7.809076682316118401e-01
-1.044999999999999929e+00
-1.054999999999999938e+00
-1.040000000000000036e+00
-8.275862068965517127e-01
-6.739130434782608647e-01
-5.698924731182796188e-01
5.725806451612903691e-01
7.757009345794392274e-01
1.777777777777777679e+00
3.120567375886524886e-01
6.666666666666666297e-01
1.468354430379746889e+00
1.936507936507936511e+00
1.126436781609195359e+00
-6.996124031007752153e-01
-1.484716157205240306e-01
4.651162790697674354e-02
1.134146341463414531e+00
1.878787878787878896e+00
9.499999999999999556e-01
-1.139999999999999902e+00
1.034883720930232620e+00
-7.707100591715976279e-01
1.467532467532467466e+00
-2.540322580645161255e-01
-6.622516556291390723e-03
5.154639175257731860e-03
1.010309278350515427e+00
1.746478873239436513e+00
1.187500000000000000e+00
2.899999999999999911e+00
3.148936170212766061e+00
2.425925925925926041e+00
3.642857142857142794e+00
2.775510204081632626e+00
3.333333333333333481e+00
3.333333333333333481e+00
2.936170212765957466e+00
3.333333333333333481e+00
3.750000000000000000e+00
3.333333333333333481e+00
4.000000000000000000e+00
2.431372549019607643e+00
3.756097560975609539e+00
-6.635730858468676940e-01
-2.322834645669291376e-01
-5.710784313725489891e-01
-9.234972677595628676e-01
-1.015228426395939007e-02
-3.695652173913043237e-01
-5.695364238410596247e-01
1.375000000000000000e+00
-2.825112107623318214e-01
2.431372549019607643e+00
1.936507936507936511e+00
7.117117117117116587e-01
3.970588235294117418e-01
3.318181818181818343e+00
3.404761904761904656e+00
3.239130434782608869e+00
3.130434782608695787e+00
2.723404255319148870e+00
2.425925925925926041e+00
2.979591836734694077e+00
3.418604651162790553e+00
3.090909090909090828e+00
3.534883720930232620e+00
1.903225806451612989e+00
3.285714285714285587e+00
3.333333333333333481e+00
3.302325581395348930e+00
3.642857142857142794e+00
3.634146341463414753e+00
2.301886792452830122e+00
3.111111111111111160e+00
3.431818181818181657e+00
3.512195121951219523e+00
3.875000000000000000e+00
3.148936170212766061e+00
4.270270270270270174e+00
3.534883720930232620e+00
3.743589743589743613e+00
4.270270270270270174e+00
3.625000000000000000e+00
3.512195121951219523e+00
3.512195121951219523e+00
3.062500000000000000e+00
4.270270270270270174e+00
2.899999999999999911e+00
4.131578947368421240e+00
2.877551020408163129e+00
3.062500000000000000e+00
3.756097560975609539e+00
3.204545454545454586e+00
3.062500000000000000e+00
3.148936170212766061e+00
3.534883720930232620e+00
2.469387755102040671e+00
3.875000000000000000e+00
3.756097560975609539e+00
2.645833333333333481e+00
4.000000000000000000e+00
3.090909090909090828e+00
3.148936170212766061e+00
3.756097560975609539e+00
2.571428571428571619e+00
3.418604651162790553e+00
3.404761904761904656e+00
3.431818181818181657e+00
3.625000000000000000e+00
3.634146341463414753e+00
3.634146341463414753e+00
3.642857142857142794e+00
2.679245283018867774e+00
3.418604651162790553e+00
3.875000000000000000e+00
3.239130434782608869e+00
3.756097560975609539e+00
3.512195121951219523e+00
3.333333333333333481e+00
3.634146341463414753e+00
2.899999999999999911e+00
3.148936170212766061e+00
3.868421052631578760e+00
3.634146341463414753e+00
3.875000000000000000e+00
2.979591836734694077e+00
3.309352517985611475e-01
1.256097560975609762e+00
2.899999999999999911e+00
5.044247787610619538e-01
9.897959183673469274e-01
3.069767441860465240e+00
3.634146341463414753e+00
3.534883720930232620e+00
3.756097560975609539e+00
3.239130434782608869e+00
1.785714285714285809e+00
2.666666666666666519e+00
3.512195121951219523e+00
3.743589743589743613e+00
3.148936170212766061e+00
3.875000000000000000e+00
3.302325581395348930e+00
2.673469387755102122e+00
4.270270270270270174e+00
3.642857142857142794e+00
3.512195121951219523e+00
3.634146341463414753e+00
3.534883720930232620e+00
3.875000000000000000e+00
3.642857142857142794e+00
4.000000000000000000e+00
2.888888888888888840e+00
2.421052631578947345e+00
3.333333333333333481e+00
3.642857142857142794e+00
3.523809523809523725e+00
2.301886792452830122e+00
3.534883720930232620e+00
3.875000000000000000e+00
4.270270270270270174e+00
3.875000000000000000e+00
3.404761904761904656e+00
3.534883720930232620e+00
2.804347826086956541e+00
2.799999999999999822e+00
3.111111111111111160e+00
4.131578947368421240e+00
4.000000000000000000e+00
3.534883720930232620e+00
4.000000000000000000e+00
3.642857142857142794e+00
2.888888888888888840e+00
3.204545454545454586e+00
4.000000000000000000e+00
3.333333333333333481e+00
3.634146341463414753e+00
3.875000000000000000e+00
3.333333333333333481e+00
3.062500000000000000e+00
1.890625000000000000e+00
3.090909090909090828e+00
3.204545454545454586e+00
2.272727272727272929e+00
3.333333333333333481e+00
3.756097560975609539e+00
3.021739130434782705e+00
3.871794871794871806e+00
3.756097560975609539e+00
3.222222222222222321e+00
3.404761904761904656e+00
4.000000000000000000e+00
3.634146341463414753e+00
2.396226415094339757e+00
3.743589743589743613e+00
2.617021276595744794e+00
3.875000000000000000e+00
3.534883720930232620e+00
4.270270270270270174e+00
4.000000000000000000e+00
3.512195121951219523e+00
4.000000000000000000e+00
3.111111111111111160e+00
3.534883720930232620e+00
4.131578947368421240e+00
3.642857142857142794e+00
3.148936170212766061e+00
3.222222222222222321e+00
3.418604651162790553e+00
3.523809523809523725e+00
3.756097560975609539e+00
3.239130434782608869e+00
4.131578947368421240e+00
4.000000000000000000e+00
4.000000000000000000e+00
3.166666666666666519e+00
3.239130434782608869e+00
3.743589743589743613e+00
3.875000000000000000e+00
3.111111111111111160e+00
4.000000000000000000e+00
2.196721311475410054e+00
4.270270270270270174e+00
3.222222222222222321e+00
3.642857142857142794e+00
4.270270270270270174e+00
3.756097560975609539e+00
2.529411764705882248e+00
3.333333333333333481e+00
4.131578947368421240e+00
3.333333333333333481e+00
2.936170212765957466e+00
4.000000000000000000e+00
3.431818181818181657e+00
3.743589743589743613e+00
3.523809523809523725e+00
3.871794871794871806e+00
3.062500000000000000e+00
3.750000000000000000e+00
3.021739130434782705e+00
3.302325581395348930e+00
4.000000000000000000e+00
3.625000000000000000e+00
3.756097560975609539e+00
3.875000000000000000e+00
3.743589743589743613e+00
2.723404255319148870e+00
2.888888888888888840e+00
3.750000000000000000e+00
3.333333333333333481e+00
2.775510204081632626e+00
3.534883720930232620e+00
4.000000000000000000e+00
2.421052631578947345e+00
3.756097560975609539e+00
3.871794871794871806e+00
3.642857142857142794e+00
4.000000000000000000e+00
3.062500000000000000e+00
3.512195121951219523e+00
4.131578947368421240e+00
2.017241379310344751e+00
3.268292682926829062e+00
3.111111111111111160e+00
1.946428571428571397e+00
4.131578947368421240e+00
4.000000000000000000e+00
3.523809523809523725e+00
3.431818181818181657e+00
2.700000000000000178e+00
3.642857142857142794e+00
4.000000000000000000e+00
3.534883720930232620e+00
3.534883720930232620e+00
3.642857142857142794e+00
3.875000000000000000e+00
3.756097560975609539e+00
2.365384615384615419e+00
3.642857142857142794e+00
3.642857142857142794e+00
3.756097560975609539e+00
3.148936170212766061e+00
3.148936170212766061e+00
3.333333333333333481e+00
3.512195121951219523e+00
2.425925925925926041e+00
3.875000000000000000e+00
3.634146341463414753e+00
3.756097560975609539e+00
4.270270270270270174e+00
3.062500000000000000e+00
3.302325581395348930e+00
3.148936170212766061e+00
2.854166666666666519e+00
3.534883720930232620e+00
3.333333333333333481e+00
3.634146341463414753e+00
3.487179487179487225e+00
3.333333333333333481e+00
3.756097560975609539e+00
2.804347826086956541e+00
1.870370370370370461e+00
3.418604651162790553e+00
2.196721311475410054e+00
3.111111111111111160e+00
3.868421052631578760e+00
2.854166666666666519e+00
2.617021276595744794e+00
3.642857142857142794e+00
4.000000000000000000e+00
3.431818181818181657e+00
3.534883720930232620e+00
3.404761904761904656e+00
3.534883720930232620e+00
3.302325581395348930e+00
3.042553191489361541e+00
3.333333333333333481e+00
3.523809523809523725e+00
3.634146341463414753e+00
4.270270270270270174e+00
3.642857142857142794e+00
2.823529411764706065e+00
2.125000000000000000e+00
4.270270270270270174e+00
3.148936170212766061e+00
3.333333333333333481e+00
3.756097560975609539e+00
3.875000000000000000e+00
2.723404255319148870e+00
2.750000000000000000e+00
2.979591836734694077e+00
3.166666666666666519e+00
3.534883720930232620e+00
2.645833333333333481e+00
2.090909090909090828e+00
3.404761904761904656e+00
3.512195121951219523e+00
3.642857142857142794e+00
3.875000000000000000e+00
4.000000000000000000e+00
3.875000000000000000e+00
3.285714285714285587e+00
3.431818181818181657e+00
2.979591836734694077e+00
3.111111111111111160e+00
3.318181818181818343e+00
3.625000000000000000e+00
3.642857142857142794e+00
4.000000000000000000e+00
4.131578947368421240e+00
3.431818181818181657e+00
3.431818181818181657e+00
3.239130434782608869e+00
3.756097560975609539e+00
1.348484848484848397e+00
2.979591836734694077e+00
3.756097560975609539e+00
2.679245283018867774e+00
3.318181818181818343e+00
3.404761904761904656e+00
3.523809523809523725e+00
3.431818181818181657e+00
3.111111111111111160e+00
4.000000000000000000e+00
4.131578947368421240e+00
2.557692307692307487e+00
4.131578947368421240e+00
2.482142857142857206e+00
3.523809523809523725e+00
3.756097560975609539e+00
3.431818181818181657e+00
3.750000000000000000e+00
2.157894736842105310e+00
3.431818181818181657e+00
3.875000000000000000e+00
4.131578947368421240e+00
3.750000000000000000e+00
2.055555555555555358e+00
3.875000000000000000e+00
3.642857142857142794e+00
3.625000000000000000e+00
3.625000000000000000e+00
3.302325581395348930e+00
3.062500000000000000e+00
3.431818181818181657e+00
3.302325581395348930e+00
2.571428571428571619e+00
4.000000000000000000e+00
3.756097560975609539e+00
3.512195121951219523e+00
3.431818181818181657e+00
3.431818181818181657e+00
2.365384615384615419e+00
3.130434782608695787e+00
1.357142857142857206e+00
4.000000000000000000e+00
3.756097560975609539e+00
3.642857142857142794e+00
3.534883720930232620e+00
4.000000000000000000e+00
3.418604651162790553e+00
2.265306122448979664e+00
3.130434782608695787e+00
4.131578947368421240e+00
2.695652173913043459e+00
2.854166666666666519e+00
3.333333333333333481e+00
4.000000000000000000e+00
3.875000000000000000e+00
3.642857142857142794e+00
3.534883720930232620e+00
3.871794871794871806e+00
3.868421052631578760e+00
3.404761904761904656e+00
3.062500000000000000e+00
4.000000000000000000e+00
2.829787234042553390e+00
3.875000000000000000e+00
3.756097560975609539e+00
3.302325581395348930e+00
3.090909090909090828e+00
3.404761904761904656e+00
3.875000000000000000e+00
3.625000000000000000e+00
2.181818181818181657e+00
4.000000000000000000e+00
3.204545454545454586e+00
3.333333333333333481e+00
3.239130434782608869e+00
3.756097560975609539e+00
3.148936170212766061e+00
3.743589743589743613e+00
3.875000000000000000e+00
2.425925925925926041e+00
3.625000000000000000e+00
2.804347826086956541e+00
2.600000000000000089e+00
3.431818181818181657e+00
4.270270270270270174e+00
3.756097560975609539e+00
3.756097560975609539e+00
3.431818181818181657e+00
2.046875000000000000e+00
2.301886792452830122e+00
3.756097560975609539e+00
3.130434782608695787e+00
3.625000000000000000e+00
1.777777777777777679e+00
3.431818181818181657e+00
4.000000000000000000e+00
2.181818181818181657e+00
2.301886792452830122e+00
1.968750000000000000e+00
3.534883720930232620e+00
2.695652173913043459e+00
2.490566037735848948e+00
4.270270270270270174e+00
4.000000000000000000e+00
3.404761904761904656e+00
2.100000000000000089e+00
2.823529411764706065e+00
1.466666666666666563e+00
3.148936170212766061e+00
3.239130434782608869e+00
3.239130434782608869e+00
3.871794871794871806e+00
2.823529411764706065e+00
4.270270270270270174e+00
3.333333333333333481e+00
3.111111111111111160e+00
3.431818181818181657e+00
2.725490196078431460e+00
3.642857142857142794e+00
3.534883720930232620e+00
3.148936170212766061e+00
3.431818181818181657e+00
3.625000000000000000e+00
3.285714285714285587e+00
2.979591836734694077e+00
2.958333333333333481e+00
3.404761904761904656e+00
2.541666666666666519e+00
2.673469387755102122e+00
3.333333333333333481e+00
3.333333333333333481e+00
3.534883720930232620e+00
3.148936170212766061e+00
2.936170212765957466e+00
3.534883720930232620e+00
2.804347826086956541e+00
2.725490196078431460e+00
2.541666666666666519e+00
3.239130434782608869e+00
3.431818181818181657e+00
2.823529411764706065e+00
3.756097560975609539e+00
2.545454545454545414e+00
3.333333333333333481e+00
3.431818181818181657e+00
2.220338983050847315e+00
3.042553191489361541e+00
4.000000000000000000e+00
4.270270270270270174e+00
2.888888888888888840e+00
3.750000000000000000e+00
2.679245283018867774e+00
4.000000000000000000e+00
3.523809523809523725e+00
3.756097560975609539e+00
4.000000000000000000e+00
3.333333333333333481e+00
3.875000000000000000e+00
3.431818181818181657e+00
3.431818181818181657e+00
3.534883720930232620e+00
3.534883720930232620e+00
3.302325581395348930e+00
4.000000000000000000e+00
2.958333333333333481e+00
4.131578947368421240e+00
3.534883720930232620e+00
2.958333333333333481e+00
3.062500000000000000e+00
4.270270270270270174e+00
3.204545454545454586e+00
3.756097560975609539e+00
3.302325581395348930e+00
2.055555555555555358e+00
3.512195121951219523e+00
3.404761904761904656e+00
3.148936170212766061e+00
3.625000000000000000e+00
2.700000000000000178e+00
2.396226415094339757e+00
2.936170212765957466e+00
3.069767441860465240e+00
3.425925925925926152e-01
6.525423728813559698e-01
1.407407407407407440e+00
3.534883720930232620e+00
2.557692307692307487e+00
3.021739130434782705e+00
1.746478873239436513e+00
3.431818181818181657e+00
2.666666666666666519e+00
3.404761904761904656e+00
3.302325581395348930e+00
4.000000000000000000e+00
3.111111111111111160e+00
3.148936170212766061e+00
3.404761904761904656e+00
3.090909090909090828e+00
3.069767441860465240e+00
3.756097560975609539e+00
3.130434782608695787e+00
2.541666666666666519e+00
2.979591836734694077e+00
3.642857142857142794e+00
3.431818181818181657e+00
3.512195121951219523e+00
1.982456140350877138e+00
3.431818181818181657e+00
3.875000000000000000e+00
3.756097560975609539e+00
3.756097560975609539e+00
3.534883720930232620e+00
3.534883720930232620e+00
3.756097560975609539e+00
2.979591836734694077e+00
4.000000000000000000e+00
3.239130434782608869e+00
3.333333333333333481e+00
2.571428571428571619e+00
3.222222222222222321e+00
3.250000000000000000e+00
2.035714285714285587e+00
-1.237113402061855716e-01
2.090909090909090828e+00
3.166666666666666519e+00
3.418604651162790553e+00
3.875000000000000000e+00
3.642857142857142794e+00
2.953488372093023173e+00
2.700000000000000178e+00
2.557692307692307487e+00
2.829787234042553390e+00
4.270270270270270174e+00
3.062500000000000000e+00
3.642857142857142794e+00
4.131578947368421240e+00
3.642857142857142794e+00
3.523809523809523725e+00
3.534883720930232620e+00
2.396226415094339757e+00
3.111111111111111160e+00
3.062500000000000000e+00
2.017241379310344751e+00
3.333333333333333481e+00
3.404761904761904656e+00
3.302325581395348930e+00
3.404761904761904656e+00
3.062500000000000000e+00
3.512195121951219523e+00
3.431818181818181657e+00
4.000000000000000000e+00
3.875000000000000000e+00
3.534883720930232620e+00
3.534883720930232620e+00
2.437500000000000000e+00
3.756097560975609539e+00
3.756097560975609539e+00
3.642857142857142794e+00
3.512195121951219523e+00
2.365384615384615419e+00
3.111111111111111160e+00
4.000000000000000000e+00
2.899999999999999911e+00
3.875000000000000000e+00
3.062500000000000000e+00
3.750000000000000000e+00
3.642857142857142794e+00
3.333333333333333481e+00
3.021739130434782705e+00
3.512195121951219523e+00
3.512195121951219523e+00
3.756097560975609539e+00
3.062500000000000000e+00
3.062500000000000000e+00
3.148936170212766061e+00
4.131578947368421240e+00
3.418604651162790553e+00
3.756097560975609539e+00
3.148936170212766061e+00
2.723404255319148870e+00
3.875000000000000000e+00
2.775510204081632626e+00
3.634146341463414753e+00
4.131578947368421240e+00
2.700000000000000178e+00
1.870370370370370461e+00
3.642857142857142794e+00
3.875000000000000000e+00
2.979591836734694077e+00
2.750000000000000000e+00
3.021739130434782705e+00
3.062500000000000000e+00
3.642857142857142794e+00
3.534883720930232620e+00
3.062500000000000000e+00
2.207547169811320931e+00
2.775510204081632626e+00
4.000000000000000000e+00
2.804347826086956541e+00
3.130434782608695787e+00
2.979591836734694077e+00
3.431818181818181657e+00
4.000000000000000000e+00
3.130434782608695787e+00
4.270270270270270174e+00
3.756097560975609539e+00
3.642857142857142794e+00
2.557692307692307487e+00
4.131578947368421240e+00
3.642857142857142794e+00
3.534883720930232620e+00
4.000000000000000000e+00
3.756097560975609539e+00
3.534883720930232620e+00
2.363636363636363757e+00
4.131578947368421240e+00
3.756097560975609539e+00
3.302325581395348930e+00
2.936170212765957466e+00
3.642857142857142794e+00
3.021739130434782705e+00
4.270270270270270174e+00
3.750000000000000000e+00
3.111111111111111160e+00
3.333333333333333481e+00
2.700000000000000178e+00
3.222222222222222321e+00
3.062500000000000000e+00
3.642857142857142794e+00
4.270270270270270174e+00
3.875000000000000000e+00
3.000000000000000000e+00
3.625000000000000000e+00
3.868421052631578760e+00
4.270270270270270174e+00
3.431818181818181657e+00
3.875000000000000000e+00
4.131578947368421240e+00
3.431818181818181657e+00
2.725490196078431460e+00
2.365384615384615419e+00
3.062500000000000000e+00
3.756097560975609539e+00
3.222222222222222321e+00
3.130434782608695787e+00
3.512195121951219523e+00
3.318181818181818343e+00
3.431818181818181657e+00
3.756097560975609539e+00
3.756097560975609539e+00
3.318181818181818343e+00
3.302325581395348930e+00
3.111111111111111160e+00
3.756097560975609539e+00
3.875000000000000000e+00
3.431818181818181657e+00
3.875000000000000000e+00
3.204545454545454586e+00
3.642857142857142794e+00
3.875000000000000000e+00
3.333333333333333481e+00
3.875000000000000000e+00
3.875000000000000000e+00
3.318181818181818343e+00
3.239130434782608869e+00
2.431372549019607643e+00
3.642857142857142794e+00
3.534883720930232620e+00
2.545454545454545414e+00
3.431818181818181657e+00
3.404761904761904656e+00
3.333333333333333481e+00
3.642857142857142794e+00
3.130434782608695787e+00
3.642857142857142794e+00
3.534883720930232620e+00
3.302325581395348930e+00
3.148936170212766061e+00
3.875000000000000000e+00
4.131578947368421240e+00
4.131578947368421240e+00
3.148936170212766061e+00
3.642857142857142794e+00
3.333333333333333481e+00
4.131578947368421240e+00
4.000000000000000000e+00
3.875000000000000000e+00
3.875000000000000000e+00
3.186046511627906863e+00
3.642857142857142794e+00
3.875000000000000000e+00
3.302325581395348930e+00
3.333333333333333481e+00
2.936170212765957466e+00
3.333333333333333481e+00
3.302325581395348930e+00
4.000000000000000000e+00
2.611111111111111160e+00
2.557692307692307487e+00
3.756097560975609539e+00
3.875000000000000000e+00
3.222222222222222321e+00
2.899999999999999911e+00
3.431818181818181657e+00
3.148936170212766061e+00
3.333333333333333481e+00
3.756097560975609539e+00
3.642857142857142794e+00
3.431818181818181657e+00
3.523809523809523725e+00
3.042553191489361541e+00
3.875000000000000000e+00
2.936170212765957466e+00
3.875000000000000000e+00
2.804347826086956541e+00
3.756097560975609539e+00
4.270270270270270174e+00
3.333333333333333481e+00
3.642857142857142794e+00
3.523809523809523725e+00
3.534883720930232620e+00
2.888888888888888840e+00
2.200000000000000178e+00
2.854166666666666519e+00
3.875000000000000000e+00
3.875000000000000000e+00
3.756097560975609539e+00
3.625000000000000000e+00
4.131578947368421240e+00
3.534883720930232620e+00
2.396226415094339757e+00
2.557692307692307487e+00
3.204545454545454586e+00
3.431818181818181657e+00
3.431818181818181657e+00
4.270270270270270174e+00
3.021739130434782705e+00
3.534883720930232620e+00
3.875000000000000000e+00
4.131578947368421240e+00
3.239130434782608869e+00
2.775510204081632626e+00
2.854166666666666519e+00
2.750000000000000000e+00
3.642857142857142794e+00
2.936170212765957466e+00
4.000000000000000000e+00
3.166666666666666519e+00
2.700000000000000178e+00
3.204545454545454586e+00
3.634146341463414753e+00
3.534883720930232620e+00
4.000000000000000000e+00
2.979591836734694077e+00
4.285714285714285587e+00
2.557692307692307487e+00
2.823529411764706065e+00
1.651515151515151603e+00
3.534883720930232620e+00
3.239130434782608869e+00
3.875000000000000000e+00
3.239130434782608869e+00
3.523809523809523725e+00
3.333333333333333481e+00
3.418604651162790553e+00
3.333333333333333481e+00
3.634146341463414753e+00
2.545454545454545414e+00
3.756097560975609539e+00
2.627450980392156854e+00
3.239130434782608869e+00
2.431372549019607643e+00
2.490566037735848948e+00
3.431818181818181657e+00
3.431818181818181657e+00
3.634146341463414753e+00
2.750000000000000000e+00
2.936170212765957466e+00
3.318181818181818343e+00
3.756097560975609539e+00
2.250000000000000000e+00
3.090909090909090828e+00
3.642857142857142794e+00
3.634146341463414753e+00
3.418604651162790553e+00
3.042553191489361541e+00
3.239130434782608869e+00
3.756097560975609539e+00
2.936170212765957466e+00
4.000000000000000000e+00
4.131578947368421240e+00
3.186046511627906863e+00
3.756097560975609539e+00
3.743589743589743613e+00
3.302325581395348930e+00
1.371794871794871806e+00
3.239130434782608869e+00
1.532467532467532534e+00
2.100000000000000089e+00
3.500000000000000000e+00
3.239130434782608869e+00
4.131578947368421240e+00
3.431818181818181657e+00
3.875000000000000000e+00
3.523809523809523725e+00
3.743589743589743613e+00
2.627450980392156854e+00
3.868421052631578760e+00
2.888888888888888840e+00
3.534883720930232620e+00
2.804347826086956541e+00
3.756097560975609539e+00
3.756097560975609539e+00
3.302325581395348930e+00
2.829787234042553390e+00
3.534883720930232620e+00
2.750000000000000000e+00
3.069767441860465240e+00
3.625000000000000000e+00
2.673469387755102122e+00
2.600000000000000089e+00
4.000000000000000000e+00
4.000000000000000000e+00
2.529411764705882248e+00
3.239130434782608869e+00
4.000000000000000000e+00
3.111111111111111160e+00
3.534883720930232620e+00
3.642857142857142794e+00
3.239130434782608869e+00
3.239130434782608869e+00
3.062500000000000000e+00
2.979591836734694077e+00
3.875000000000000000e+00
3.534883720930232620e+00
3.239130434782608869e+00
2.557692307692307487e+00
-2.777777777777777624e-02
2.000000000000000000e+00
1.434210526315789380e+00
3.148936170212766061e+00
2.365384615384615419e+00
2.679245283018867774e+00
2.490566037735848948e+00
2.679245283018867774e+00
3.130434782608695787e+00
2.899999999999999911e+00
3.729729729729729826e+00
3.431818181818181657e+00
3.062500000000000000e+00
2.557692307692307487e+00
3.875000000000000000e+00
3.111111111111111160e+00
3.625000000000000000e+00
1.464788732394366244e+00
3.318181818181818343e+00
2.750000000000000000e+00
3.431818181818181657e+00
3.333333333333333481e+00
3.756097560975609539e+00
3.625000000000000000e+00
3.431818181818181657e+00
3.404761904761904656e+00
3.111111111111111160e+00
3.318181818181818343e+00
3.605263157894736725e+00
3.062500000000000000e+00
3.634146341463414753e+00
3.302325581395348930e+00
