-1.463576158940397276e+00
-1.219999999999999973e+00
-1.209999999999999964e+00
-1.070000000000000062e+00
-1.185000000000000053e+00
-2.045454545454545581e-01
-1.060000000000000053e+00
-1.114999999999999991e+00
-7.759433962264150608e-01
-1.050000000000000044e+00
-7.727272727272727071e-01
-9.749373433583959914e-01
-1.330000000000000071e+00
-6.656534954407294924e-01
-1.084999999999999964e+00
-9.272727272727272485e-01
-8.858773181169757871e-01
-8.161244695898161039e-01
-1.145000000000000018e+00
-7.458893871449925328e-01
-1.175000000000000044e+00
-1.104999999999999982e+00
-1.074999999999999956e+00
-4.268774703557312034e-01
-8.271276595744680993e-01
-6.788990825688073771e-01
-1.044999999999999929e+00
-6.361502347417840042e-01
-1.094999999999999973e+00
-9.270072992700729708e-01
-5.152354570637118769e-01
-1.175000000000000044e+00
-6.412037037037037202e-01
-9.560439560439560891e-01
-6.228448275862068506e-01
-7.702909647779478952e-01
-4.476744186046511809e-01
-8.504027617951668283e-01
-1.100000000000000089e+00
-9.756097560975610095e-02
-7.648902821316614364e-01
-5.328719723183390489e-01
-1.175000000000000044e+00
-1.050000000000000044e+00
-6.796116504854369245e-01
-6.818181818181817677e-01
-7.103918228279386682e-01
-4.462540716612377611e-01
-5.207667731629392893e-01
-9.204244031830238759e-01
-2.886178861788618044e-01
-4.202898550724637472e-01
-5.664739884393064084e-01
-5.868945868945868449e-01
-5.558086560364464690e-01
-5.098039215686274161e-01
-1.125000000000000000e+00
-2.777777777777777901e-01
-9.164926931106471830e-01
-1.155000000000000027e+00
-5.854271356783919966e-01
-8.733413751507840272e-01
-1.054999999999999938e+00
7.758620689655172653e-02
-4.571428571428571286e-01
-4.827586206896551935e-01
-2.016806722689075682e-01
2.111801242236024945e-01
-3.071161048689138307e-01
2.094240837696335206e-02
1.337209302325581273e-01
-5.793269230769231282e-01
-3.345323741007193985e-01
-8.033126293995859202e-01
-2.887931034482758563e-01
2.209944751381215378e-02
8.750000000000000000e-01
-3.962848297213622528e-01
-1.100000000000000089e+00
-1.080000000000000071e+00
-4.743935309973045800e-01
-8.629320619785458835e-01
-1.020000000000000018e+00
2.264150943396226467e-01
-5.263157894736841813e-02
1.867647058823529438e+00
5.725806451612903691e-01
1.538461538461538547e-01
7.567567567567567988e-01
6.990291262135922556e-01
9.499999999999999556e-01
1.826086956521739024e+00
1.078651685393258397e+00
9.072164948453608213e-01
1.267441860465116310e+00
-2.465753424657534110e-01
-9.655963302752293975e-01
-5.711060948081264632e-01
-7.339593114241002025e-01
-1.094999999999999973e+00
-1.538461538461538547e-01
6.822429906542055722e-01
1.467532467532467466e+00
-1.054999999999999938e+00
1.117647058823529438e+00
3.669064748201438797e-01
2.679245283018867774e+00
1.191011235955056202e+00
-7.920277296360485053e-01
2.979591836734694077e+00
9.897959183673469274e-01
2.679245283018867774e+00
4.957264957264957417e-01
-6.504854368932039277e-01
-1.050000000000000044e+00
-5.893719806763284552e-01
-1.010000000000000009e+00
-1.129999999999999893e+00
-8.350253807106599035e-01
-6.204188481675392275e-01
-8.590504451038575295e-01
-4.242424242424242542e-01
5.476190476190476719e-01
-6.884735202492211492e-01
1.468354430379746889e+00
2.362068965517241548e+00
3.021739130434782705e+00
1.916666666666666741e+00
-1.094999999999999973e+00
-1.044999999999999929e+00
-1.010000000000000009e+00
-6.212121212121212155e-01
-3.750000000000000000e-01
1.321428571428571397e+00
1.032967032967033072e+00
3.475177304964539027e-01
2.305084745762711940e+00
3.062500000000000000e+00
1.635135135135135087e+00
1.846153846153846256e+00
3.333333333333333481e+00
3.642857142857142794e+00
3.634146341463414753e+00
3.642857142857142794e+00
3.239130434782608869e+00
3.756097560975609539e+00
2.899999999999999911e+00
2.979591836734694077e+00
3.239130434782608869e+00
2.958333333333333481e+00
2.877551020408163129e+00
2.627450980392156854e+00
2.207547169811320931e+00
3.062500000000000000e+00
3.333333333333333481e+00
3.062500000000000000e+00
1.228915662650602370e+00
3.062500000000000000e+00
2.979591836734694077e+00
3.239130434782608869e+00
3.204545454545454586e+00
3.239130434782608869e+00
3.333333333333333481e+00
2.936170212765957466e+00
2.899999999999999911e+00
2.758620689655172376e-01
2.083333333333333481e+00
3.333333333333333481e+00
3.239130434782608869e+00
2.425925925925926041e+00
-6.974789915966386200e-01
2.046875000000000000e+00
1.036269430051813510e-02
-6.868250539956803902e-01
9.696969696969697239e-01
1.565789473684210620e+00
5.354330708661417804e-01
3.239130434782608869e+00
2.679245283018867774e+00
2.823529411764706065e+00
3.875000000000000000e+00
3.512195121951219523e+00
3.875000000000000000e+00
3.756097560975609539e+00
3.642857142857142794e+00
3.756097560975609539e+00
3.534883720930232620e+00
2.913043478260869623e+00
2.482142857142857206e+00
4.903846153846153633e-01
3.062500000000000000e+00
3.130434782608695787e+00
3.239130434782608869e+00
3.302325581395348930e+00
2.557692307692307487e+00
-1.044999999999999929e+00
-1.515151515151515194e-02
5.725806451612903691e-01
1.500000000000000000e+00
1.708333333333333259e+00
-4.074074074074073848e-01
3.431818181818181657e+00
3.756097560975609539e+00
3.333333333333333481e+00
2.899999999999999911e+00
2.240740740740740922e+00
3.239130434782608869e+00
3.534883720930232620e+00
3.642857142857142794e+00
3.431818181818181657e+00
4.000000000000000000e+00
3.756097560975609539e+00
3.875000000000000000e+00
3.534883720930232620e+00
3.756097560975609539e+00
3.756097560975609539e+00
2.365384615384615419e+00
3.239130434782608869e+00
3.130434782608695787e+00
3.111111111111111160e+00
3.512195121951219523e+00
4.270270270270270174e+00
4.270270270270270174e+00
3.062500000000000000e+00
3.222222222222222321e+00
3.431818181818181657e+00
3.302325581395348930e+00
4.000000000000000000e+00
2.301886792452830122e+00
1.761194029850746245e+00
2.936170212765957466e+00
3.148936170212766061e+00
2.979591836734694077e+00
3.333333333333333481e+00
2.425925925925926041e+00
3.534883720930232620e+00
2.936170212765957466e+00
3.333333333333333481e+00
2.977272727272727071e+00
3.042553191489361541e+00
2.979591836734694077e+00
4.270270270270270174e+00
2.431372549019607643e+00
3.750000000000000000e+00
3.333333333333333481e+00
2.303571428571428381e+00
3.534883720930232620e+00
3.186046511627906863e+00
3.318181818181818343e+00
3.318181818181818343e+00
4.270270270270270174e+00
3.875000000000000000e+00
2.333333333333333481e+00
3.333333333333333481e+00
3.743589743589743613e+00
3.418604651162790553e+00
3.615384615384615419e+00
4.270270270270270174e+00
2.979591836734694077e+00
3.302325581395348930e+00
3.186046511627906863e+00
3.642857142857142794e+00
3.868421052631578760e+00
3.431818181818181657e+00
3.875000000000000000e+00
3.222222222222222321e+00
3.534883720930232620e+00
3.239130434782608869e+00
3.333333333333333481e+00
4.000000000000000000e+00
3.756097560975609539e+00
3.875000000000000000e+00
2.367346938775510168e+00
3.431818181818181657e+00
4.000000000000000000e+00
3.431818181818181657e+00
3.756097560975609539e+00
3.333333333333333481e+00
3.148936170212766061e+00
3.523809523809523725e+00
3.534883720930232620e+00
2.854166666666666519e+00
3.756097560975609539e+00
4.000000000000000000e+00
3.111111111111111160e+00
4.000000000000000000e+00
3.239130434782608869e+00
3.875000000000000000e+00
3.148936170212766061e+00
3.875000000000000000e+00
3.875000000000000000e+00
1.191011235955056202e+00
3.431818181818181657e+00
4.000000000000000000e+00
3.756097560975609539e+00
3.302325581395348930e+00
2.229166666666666519e+00
3.130434782608695787e+00
3.868421052631578760e+00
3.222222222222222321e+00
3.756097560975609539e+00
3.750000000000000000e+00
3.868421052631578760e+00
3.186046511627906863e+00
3.302325581395348930e+00
1.954545454545454586e+00
2.913043478260869623e+00
3.642857142857142794e+00
3.875000000000000000e+00
3.062500000000000000e+00
2.823529411764706065e+00
3.875000000000000000e+00
4.000000000000000000e+00
3.239130434782608869e+00
3.166666666666666519e+00
4.000000000000000000e+00
4.000000000000000000e+00
4.131578947368421240e+00
3.756097560975609539e+00
3.634146341463414753e+00
2.653846153846153744e+00
3.756097560975609539e+00
4.000000000000000000e+00
3.642857142857142794e+00
3.111111111111111160e+00
1.812500000000000000e+00
3.333333333333333481e+00
3.523809523809523725e+00
4.270270270270270174e+00
4.131578947368421240e+00
3.204545454545454586e+00
3.239130434782608869e+00
3.090909090909090828e+00
3.875000000000000000e+00
3.534883720930232620e+00
3.431818181818181657e+00
3.756097560975609539e+00
3.534883720930232620e+00
2.627450980392156854e+00
3.756097560975609539e+00
3.130434782608695787e+00
3.431818181818181657e+00
3.333333333333333481e+00
2.135593220338983134e+00
3.756097560975609539e+00
3.148936170212766061e+00
3.062500000000000000e+00
3.318181818181818343e+00
3.239130434782608869e+00
3.512195121951219523e+00
4.131578947368421240e+00
3.239130434782608869e+00
3.512195121951219523e+00
3.756097560975609539e+00
2.600000000000000089e+00
3.534883720930232620e+00
3.000000000000000000e+00
3.534883720930232620e+00
3.642857142857142794e+00
3.875000000000000000e+00
3.634146341463414753e+00
3.130434782608695787e+00
2.611111111111111160e+00
3.333333333333333481e+00
3.756097560975609539e+00
4.000000000000000000e+00
3.111111111111111160e+00
3.756097560975609539e+00
4.270270270270270174e+00
3.756097560975609539e+00
2.823529411764706065e+00
4.131578947368421240e+00
2.936170212765957466e+00
3.875000000000000000e+00
3.534883720930232620e+00
2.799999999999999822e+00
3.333333333333333481e+00
4.000000000000000000e+00
4.000000000000000000e+00
3.512195121951219523e+00
3.634146341463414753e+00
3.534883720930232620e+00
3.062500000000000000e+00
3.062500000000000000e+00
3.642857142857142794e+00
3.875000000000000000e+00
3.404761904761904656e+00
3.148936170212766061e+00
3.333333333333333481e+00
3.743589743589743613e+00
4.131578947368421240e+00
2.854166666666666519e+00
3.756097560975609539e+00
3.642857142857142794e+00
3.875000000000000000e+00
4.000000000000000000e+00
3.333333333333333481e+00
3.534883720930232620e+00
3.404761904761904656e+00
3.148936170212766061e+00
3.333333333333333481e+00
2.877551020408163129e+00
3.534883720930232620e+00
3.431818181818181657e+00
4.131578947368421240e+00
4.131578947368421240e+00
3.642857142857142794e+00
3.333333333333333481e+00
3.148936170212766061e+00
2.303571428571428381e+00
2.584905660377358583e+00
3.239130434782608869e+00
4.000000000000000000e+00
3.431818181818181657e+00
3.875000000000000000e+00
3.875000000000000000e+00
3.333333333333333481e+00
3.625000000000000000e+00
3.756097560975609539e+00
3.000000000000000000e+00
3.431818181818181657e+00
3.875000000000000000e+00
4.000000000000000000e+00
3.090909090909090828e+00
3.756097560975609539e+00
2.899999999999999911e+00
3.875000000000000000e+00
2.823529411764706065e+00
3.431818181818181657e+00
3.523809523809523725e+00
2.958333333333333481e+00
3.302325581395348930e+00
2.571428571428571619e+00
3.333333333333333481e+00
3.642857142857142794e+00
3.756097560975609539e+00
3.642857142857142794e+00
3.756097560975609539e+00
3.534883720930232620e+00
2.557692307692307487e+00
3.756097560975609539e+00
1.702127659574468044e-01
2.958333333333333481e+00
3.875000000000000000e+00
3.148936170212766061e+00
3.642857142857142794e+00
3.239130434782608869e+00
2.953488372093023173e+00
2.899999999999999911e+00
3.875000000000000000e+00
2.979591836734694077e+00
1.923076923076923128e+00
3.062500000000000000e+00
3.111111111111111160e+00
3.431818181818181657e+00
3.148936170212766061e+00
3.239130434782608869e+00
3.642857142857142794e+00
3.642857142857142794e+00
2.823529411764706065e+00
3.239130434782608869e+00
2.557692307692307487e+00
3.431818181818181657e+00
3.148936170212766061e+00
4.131578947368421240e+00
1.796407185628742451e-02
3.239130434782608869e+00
3.418604651162790553e+00
3.512195121951219523e+00
2.750000000000000000e+00
2.333333333333333481e+00
3.302325581395348930e+00
3.642857142857142794e+00
3.222222222222222321e+00
4.270270270270270174e+00
2.936170212765957466e+00
3.534883720930232620e+00
3.756097560975609539e+00
3.431818181818181657e+00
3.148936170212766061e+00
2.611111111111111160e+00
1.578125000000000000e+00
2.125000000000000000e+00
2.823529411764706065e+00
3.756097560975609539e+00
3.634146341463414753e+00
3.625000000000000000e+00
2.775510204081632626e+00
1.000000000000000000e+00
1.835820895522388030e+00
2.653846153846153744e+00
2.541666666666666519e+00
3.418604651162790553e+00
3.523809523809523725e+00
3.390243902439024293e+00
3.358974358974359031e+00
3.000000000000000000e+00
2.600000000000000089e+00
3.130434782608695787e+00
2.392857142857142794e+00
3.871794871794871806e+00
3.871794871794871806e+00
2.720930232558139483e+00
2.958333333333333481e+00
2.700000000000000178e+00
3.042553191489361541e+00
2.958333333333333481e+00
4.000000000000000000e+00
3.130434782608695787e+00
2.545454545454545414e+00
2.750000000000000000e+00
3.534883720930232620e+00
3.534883720930232620e+00
2.979591836734694077e+00
3.431818181818181657e+00
2.799999999999999822e+00
3.239130434782608869e+00
3.756097560975609539e+00
2.750000000000000000e+00
3.534883720930232620e+00
3.875000000000000000e+00
4.000000000000000000e+00
3.431818181818181657e+00
3.534883720930232620e+00
3.756097560975609539e+00
2.888888888888888840e+00
3.302325581395348930e+00
4.131578947368421240e+00
2.750000000000000000e+00
4.000000000000000000e+00
4.270270270270270174e+00
3.642857142857142794e+00
4.000000000000000000e+00
3.875000000000000000e+00
3.148936170212766061e+00
4.000000000000000000e+00
3.431818181818181657e+00
3.333333333333333481e+00
4.000000000000000000e+00
2.679245283018867774e+00
3.756097560975609539e+00
3.642857142857142794e+00
2.679245283018867774e+00
3.523809523809523725e+00
3.130434782608695787e+00
3.431818181818181657e+00
3.431818181818181657e+00
3.130434782608695787e+00
3.130434782608695787e+00
3.130434782608695787e+00
4.000000000000000000e+00
2.017241379310344751e+00
1.565789473684210620e+00
3.239130434782608869e+00
3.534883720930232620e+00
3.756097560975609539e+00
3.875000000000000000e+00
3.148936170212766061e+00
3.642857142857142794e+00
2.979591836734694077e+00
3.756097560975609539e+00
3.756097560975609539e+00
3.743589743589743613e+00
4.131578947368421240e+00
3.875000000000000000e+00
3.239130434782608869e+00
2.545454545454545414e+00
3.642857142857142794e+00
2.877551020408163129e+00
3.418604651162790553e+00
2.700000000000000178e+00
3.333333333333333481e+00
2.653846153846153744e+00
4.000000000000000000e+00
2.272727272727272929e+00
3.642857142857142794e+00
1.039473684210526327e+00
2.673469387755102122e+00
3.756097560975609539e+00
3.021739130434782705e+00
3.534883720930232620e+00
3.875000000000000000e+00
3.642857142857142794e+00
4.000000000000000000e+00
3.756097560975609539e+00
4.000000000000000000e+00
3.534883720930232620e+00
3.756097560975609539e+00
3.062500000000000000e+00
4.000000000000000000e+00
3.875000000000000000e+00
1.371794871794871806e+00
3.875000000000000000e+00
3.148936170212766061e+00
3.512195121951219523e+00
3.431818181818181657e+00
4.000000000000000000e+00
2.823529411764706065e+00
4.000000000000000000e+00
3.534883720930232620e+00
2.854166666666666519e+00
2.305084745762711940e+00
3.130434782608695787e+00
3.431818181818181657e+00
3.512195121951219523e+00
3.021739130434782705e+00
3.534883720930232620e+00
3.642857142857142794e+00
2.936170212765957466e+00
3.333333333333333481e+00
3.875000000000000000e+00
3.642857142857142794e+00
2.214285714285714413e+00
4.000000000000000000e+00
4.000000000000000000e+00
3.642857142857142794e+00
3.756097560975609539e+00
3.534883720930232620e+00
2.700000000000000178e+00
3.404761904761904656e+00
2.700000000000000178e+00
2.522727272727272929e+00
3.148936170212766061e+00
4.000000000000000000e+00
4.270270270270270174e+00
3.431818181818181657e+00
2.799999999999999822e+00
2.979591836734694077e+00
2.958333333333333481e+00
3.130434782608695787e+00
1.241379310344827624e+00
3.534883720930232620e+00
2.362068965517241548e+00
2.750000000000000000e+00
2.363636363636363757e+00
2.775510204081632626e+00
2.662337662337662114e-01
9.072164948453608213e-01
2.611111111111111160e+00
2.145161290322580516e+00
2.214285714285714413e+00
1.923076923076923128e+00
1.183908045977011492e+00
2.979591836734694077e+00
1.857142857142857206e+00
2.899999999999999911e+00
3.431818181818181657e+00
4.000000000000000000e+00
3.756097560975609539e+00
3.534883720930232620e+00
3.204545454545454586e+00
2.240740740740740922e+00
2.653846153846153744e+00
3.875000000000000000e+00
4.270270270270270174e+00
3.318181818181818343e+00
3.756097560975609539e+00
3.534883720930232620e+00
3.239130434782608869e+00
3.634146341463414753e+00
3.642857142857142794e+00
4.131578947368421240e+00
3.222222222222222321e+00
3.062500000000000000e+00
3.871794871794871806e+00
2.958333333333333481e+00
3.875000000000000000e+00
3.302325581395348930e+00
3.130434782608695787e+00
3.534883720930232620e+00
3.756097560975609539e+00
3.431818181818181657e+00
3.534883720930232620e+00
3.642857142857142794e+00
3.148936170212766061e+00
3.318181818181818343e+00
3.333333333333333481e+00
4.000000000000000000e+00
3.523809523809523725e+00
4.131578947368421240e+00
3.333333333333333481e+00
2.695652173913043459e+00
4.270270270270270174e+00
2.272727272727272929e+00
2.421052631578947345e+00
3.333333333333333481e+00
3.634146341463414753e+00
4.000000000000000000e+00
4.131578947368421240e+00
3.875000000000000000e+00
2.700000000000000178e+00
3.333333333333333481e+00
3.166666666666666519e+00
4.000000000000000000e+00
4.000000000000000000e+00
3.756097560975609539e+00
3.512195121951219523e+00
1.380952380952380931e+00
2.421052631578947345e+00
2.823529411764706065e+00
3.021739130434782705e+00
4.000000000000000000e+00
3.534883720930232620e+00
2.979591836734694077e+00
2.518518518518518601e+00
2.936170212765957466e+00
2.899999999999999911e+00
3.130434782608695787e+00
3.625000000000000000e+00
3.239130434782608869e+00
3.431818181818181657e+00
2.700000000000000178e+00
3.534883720930232620e+00
2.854166666666666519e+00
3.431818181818181657e+00
4.000000000000000000e+00
3.111111111111111160e+00
2.723404255319148870e+00
3.239130434782608869e+00
3.333333333333333481e+00
3.431818181818181657e+00
3.642857142857142794e+00
3.404761904761904656e+00
3.750000000000000000e+00
3.333333333333333481e+00
3.871794871794871806e+00
3.756097560975609539e+00
3.634146341463414753e+00
3.333333333333333481e+00
3.148936170212766061e+00
2.461538461538461675e+00
2.979591836734694077e+00
3.418604651162790553e+00
4.000000000000000000e+00
4.000000000000000000e+00
2.854166666666666519e+00
3.111111111111111160e+00
3.418604651162790553e+00
3.871794871794871806e+00
3.431818181818181657e+00
3.875000000000000000e+00
3.333333333333333481e+00
3.534883720930232620e+00
3.534883720930232620e+00
4.000000000000000000e+00
3.204545454545454586e+00
4.270270270270270174e+00
3.239130434782608869e+00
4.131578947368421240e+00
4.000000000000000000e+00
2.679245283018867774e+00
3.534883720930232620e+00
4.000000000000000000e+00
3.431818181818181657e+00
3.239130434782608869e+00
3.642857142857142794e+00
4.131578947368421240e+00
3.130434782608695787e+00
3.333333333333333481e+00
3.239130434782608869e+00
3.148936170212766061e+00
3.642857142857142794e+00
3.512195121951219523e+00
3.130434782608695787e+00
4.131578947368421240e+00
3.111111111111111160e+00
4.131578947368421240e+00
3.318181818181818343e+00
2.829787234042553390e+00
3.318181818181818343e+00
3.222222222222222321e+00
4.131578947368421240e+00
4.000000000000000000e+00
2.362068965517241548e+00
3.239130434782608869e+00
3.390243902439024293e+00
4.131578947368421240e+00
3.404761904761904656e+00
2.823529411764706065e+00
3.186046511627906863e+00
3.534883720930232620e+00
3.062500000000000000e+00
3.204545454545454586e+00
4.131578947368421240e+00
3.111111111111111160e+00
4.270270270270270174e+00
3.642857142857142794e+00
3.756097560975609539e+00
3.062500000000000000e+00
4.270270270270270174e+00
3.431818181818181657e+00
2.854166666666666519e+00
3.111111111111111160e+00
3.062500000000000000e+00
3.743589743589743613e+00
9.897959183673469274e-01
3.204545454545454586e+00
4.000000000000000000e+00
3.333333333333333481e+00
3.756097560975609539e+00
4.000000000000000000e+00
3.318181818181818343e+00
4.000000000000000000e+00
4.000000000000000000e+00
3.756097560975609539e+00
4.000000000000000000e+00
3.333333333333333481e+00
2.958333333333333481e+00
3.642857142857142794e+00
3.204545454545454586e+00
3.642857142857142794e+00
3.000000000000000000e+00
3.431818181818181657e+00
3.625000000000000000e+00
3.333333333333333481e+00
3.534883720930232620e+00
3.148936170212766061e+00
2.913043478260869623e+00
2.431372549019607643e+00
4.000000000000000000e+00
4.000000000000000000e+00
3.431818181818181657e+00
4.000000000000000000e+00
3.130434782608695787e+00
2.363636363636363757e+00
3.875000000000000000e+00
3.642857142857142794e+00
2.545454545454545414e+00
2.977272727272727071e+00
1.954545454545454586e+00
4.000000000000000000e+00
3.431818181818181657e+00
3.333333333333333481e+00
3.333333333333333481e+00
3.756097560975609539e+00
3.642857142857142794e+00
3.111111111111111160e+00
3.333333333333333481e+00
4.000000000000000000e+00
3.756097560975609539e+00
3.750000000000000000e+00
2.700000000000000178e+00
2.275862068965517349e+00
3.750000000000000000e+00
3.431818181818181657e+00
2.899999999999999911e+00
1.746478873239436513e+00
3.130434782608695787e+00
2.584905660377358583e+00
3.062500000000000000e+00
3.875000000000000000e+00
2.673469387755102122e+00
3.302325581395348930e+00
3.634146341463414753e+00
3.875000000000000000e+00
3.756097560975609539e+00
3.062500000000000000e+00
3.239130434782608869e+00
4.000000000000000000e+00
3.756097560975609539e+00
2.700000000000000178e+00
3.642857142857142794e+00
4.000000000000000000e+00
3.642857142857142794e+00
3.130434782608695787e+00
2.700000000000000178e+00
3.431818181818181657e+00
4.270270270270270174e+00
3.512195121951219523e+00
3.512195121951219523e+00
2.557692307692307487e+00
3.111111111111111160e+00
3.111111111111111160e+00
4.000000000000000000e+00
2.899999999999999911e+00
3.756097560975609539e+00
4.000000000000000000e+00
3.487179487179487225e+00
3.743589743589743613e+00
3.756097560975609539e+00
3.642857142857142794e+00
3.487179487179487225e+00
2.829787234042553390e+00
3.512195121951219523e+00
3.642857142857142794e+00
2.303571428571428381e+00
3.642857142857142794e+00
3.534883720930232620e+00
3.090909090909090828e+00
2.529411764705882248e+00
1.835820895522388030e+00
2.333333333333333481e+00
2.750000000000000000e+00
3.333333333333333481e+00
3.431818181818181657e+00
3.534883720930232620e+00
3.333333333333333481e+00
2.899999999999999911e+00
2.958333333333333481e+00
3.333333333333333481e+00
2.425925925925926041e+00
3.062500000000000000e+00
1.283950617283950546e+00
3.239130434782608869e+00
2.936170212765957466e+00
3.239130434782608869e+00
4.131578947368421240e+00
3.431818181818181657e+00
4.131578947368421240e+00
3.756097560975609539e+00
2.627450980392156854e+00
3.239130434782608869e+00
3.743589743589743613e+00
3.875000000000000000e+00
2.854166666666666519e+00
3.642857142857142794e+00
3.642857142857142794e+00
3.333333333333333481e+00
2.482142857142857206e+00
3.868421052631578760e+00
4.131578947368421240e+00
2.936170212765957466e+00
3.534883720930232620e+00
3.512195121951219523e+00
3.756097560975609539e+00
3.021739130434782705e+00
3.534883720930232620e+00
3.642857142857142794e+00
3.148936170212766061e+00
4.000000000000000000e+00
4.000000000000000000e+00
3.239130434782608869e+00
2.100000000000000089e+00
3.302325581395348930e+00
4.131578947368421240e+00
3.756097560975609539e+00
4.000000000000000000e+00
2.804347826086956541e+00
2.490566037735848948e+00
2.518518518518518601e+00
4.270270270270270174e+00
3.148936170212766061e+00
3.333333333333333481e+00
3.404761904761904656e+00
2.046875000000000000e+00
3.523809523809523725e+00
3.642857142857142794e+00
3.756097560975609539e+00
4.000000000000000000e+00
3.875000000000000000e+00
3.875000000000000000e+00
3.642857142857142794e+00
4.270270270270270174e+00
3.642857142857142794e+00
3.642857142857142794e+00
3.642857142857142794e+00
4.270270270270270174e+00
3.875000000000000000e+00
4.131578947368421240e+00
2.829787234042553390e+00
3.302325581395348930e+00
3.875000000000000000e+00
3.239130434782608869e+00
3.239130434782608869e+00
2.936170212765957466e+00
4.000000000000000000e+00
3.756097560975609539e+00
2.913043478260869623e+00
3.130434782608695787e+00
3.302325581395348930e+00
3.431818181818181657e+00
4.000000000000000000e+00
2.979591836734694077e+00
3.062500000000000000e+00
3.148936170212766061e+00
2.775510204081632626e+00
2.469387755102040671e+00
3.756097560975609539e+00
3.534883720930232620e+00
2.936170212765957466e+00
2.679245283018867774e+00
3.062500000000000000e+00
3.756097560975609539e+00
3.418604651162790553e+00
3.642857142857142794e+00
1.794117647058823595e+00
3.534883720930232620e+00
2.829787234042553390e+00
4.270270270270270174e+00
2.396226415094339757e+00
2.305084745762711940e+00
2.700000000000000178e+00
3.021739130434782705e+00
3.642857142857142794e+00
4.131578947368421240e+00
3.756097560975609539e+00
4.131578947368421240e+00
3.756097560975609539e+00
4.000000000000000000e+00
3.431818181818181657e+00
