-1.489021956087824394e+00
-1.134020618556700999e+00
-1.080000000000000071e+00
-1.314999999999999947e+00
-1.209999999999999964e+00
-1.139999999999999902e+00
-1.094999999999999973e+00
-1.104999999999999982e+00
-1.064999999999999947e+00
-1.094999999999999973e+00
-1.125000000000000000e+00
-7.585669781931464462e-01
-1.159999999999999920e+00
-7.916666666666666297e-01
-1.080000000000000071e+00
-3.346774193548386900e-01
-1.084999999999999964e+00
-1.125000000000000000e+00
-8.842874543239951368e-01
-8.761792452830188260e-01
-7.013274336283186194e-01
-1.120000000000000107e+00
-9.504950495049504511e-01
-1.040000000000000036e+00
-7.068403908794788082e-01
-1.104999999999999982e+00
-1.094999999999999973e+00
-8.067632850241546194e-01
-7.032967032967033516e-01
-7.607655502392344227e-01
-7.227533460803059473e-01
-1.104999999999999982e+00
-1.090000000000000080e+00
-3.602693602693602948e-01
-1.080000000000000071e+00
-1.110000000000000098e+00
-4.500000000000000111e-01
-1.070000000000000062e+00
-6.914700544464610354e-01
-7.474747474747475140e-01
-3.939393939393939226e-01
-5.971074380165288797e-01
-7.975352112676056260e-01
-7.438016528925619486e-01
-1.084999999999999964e+00
-9.546998867497168417e-01
-1.064999999999999947e+00
-1.080000000000000071e+00
-9.941995359628770235e-01
-7.018739352640545048e-01
-4.972826086956521618e-01
-1.110000000000000098e+00
-4.542772861356932368e-01
-8.554216867469879304e-01
-6.881959910913140188e-01
-1.070000000000000062e+00
-1.904761904761904656e-01
-1.875000000000000000e-01
-4.832402234636871685e-01
-6.683673469387755306e-01
-9.232343909928352188e-01
1.890243902439024404e-01
-1.090000000000000080e+00
-3.181818181818181768e-01
2.937062937062936974e-01
-1.064999999999999947e+00
-8.359240069084629132e-01
6.164383561643835274e-02
-8.868778280542986003e-01
-4.760479041916167442e-01
2.977099236641221336e-01
-5.376344086021505805e-03
-4.108280254777070262e-01
-3.181818181818181768e-01
-3.145161290322580627e-01
9.791666666666666297e-01
-4.864048338368580082e-01
-1.110000000000000098e+00
1.923076923076923128e+00
-3.157894736842105088e-01
-2.222222222222222099e-01
-2.137096774193548432e-01
-5.194805194805194315e-01
5.586592178770949900e-03
-1.129999999999999893e+00
-2.073170731707316972e-01
-5.737327188940092304e-01
6.250000000000000000e-01
1.445783132530120418e-01
-3.035714285714285476e-01
-2.181069958847736689e-01
-1.090000000000000080e+00
-1.100000000000000089e+00
-1.090000000000000080e+00
-1.024999999999999911e+00
-5.999999999999999778e-01
1.368421052631578982e+00
-1.020000000000000018e+00
-1.040000000000000036e+00
-1.070000000000000062e+00
-8.668146503884572862e-01
-2.613636363636363535e-01
-3.707482993197279142e-01
-1.000000000000000000e+00
-7.340425531914893664e-01
8.938547486033519840e-02
1.565789473684210620e+00
6.216216216216216006e-01
6.500000000000000222e-01
1.954545454545454586e+00
3.750000000000000000e+00
2.000000000000000000e+00
2.611111111111111160e+00
2.083333333333333481e+00
2.114754098360655643e+00
2.189655172413793149e+00
3.333333333333333481e+00
3.642857142857142794e+00
2.305084745762711940e+00
2.392857142857142794e+00
2.804347826086956541e+00
1.267441860465116310e+00
2.679245283018867774e+00
2.823529411764706065e+00
2.627450980392156854e+00
2.823529411764706065e+00
3.642857142857142794e+00
2.823529411764706065e+00
2.673469387755102122e+00
4.000000000000000000e+00
3.756097560975609539e+00
3.756097560975609539e+00
2.804347826086956541e+00
4.131578947368421240e+00
3.875000000000000000e+00
3.239130434782608869e+00
3.204545454545454586e+00
3.431818181818181657e+00
3.431818181818181657e+00
2.500000000000000000e+00
3.062500000000000000e+00
3.756097560975609539e+00
3.302325581395348930e+00
3.166666666666666519e+00
3.875000000000000000e+00
3.204545454545454586e+00
3.634146341463414753e+00
3.756097560975609539e+00
4.131578947368421240e+00
4.000000000000000000e+00
3.625000000000000000e+00
4.270270270270270174e+00
3.390243902439024293e+00
4.000000000000000000e+00
2.899999999999999911e+00
3.111111111111111160e+00
3.130434782608695787e+00
3.431818181818181657e+00
2.365384615384615419e+00
3.130434782608695787e+00
3.875000000000000000e+00
4.270270270270270174e+00
3.062500000000000000e+00
3.404761904761904656e+00
3.062500000000000000e+00
3.239130434782608869e+00
3.431818181818181657e+00
3.404761904761904656e+00
4.000000000000000000e+00
3.111111111111111160e+00
2.584905660377358583e+00
3.534883720930232620e+00
3.204545454545454586e+00
3.333333333333333481e+00
3.148936170212766061e+00
2.145161290322580516e+00
-6.600566572237960283e-01
3.148936170212766061e+00
9.642857142857143016e-01
-1.503267973856209083e-01
2.847222222222222099e-01
-4.613259668508287170e-01
4.122137404580152875e-01
9.897959183673469274e-01
2.750000000000000000e+00
1.833333333333333259e+00
2.392857142857142794e+00
3.111111111111111160e+00
3.534883720930232620e+00
3.148936170212766061e+00
2.899999999999999911e+00
2.854166666666666519e+00
2.958333333333333481e+00
3.111111111111111160e+00
2.750000000000000000e+00
3.239130434782608869e+00
3.642857142857142794e+00
3.302325581395348930e+00
3.148936170212766061e+00
2.064516129032258007e+00
3.111111111111111160e+00
2.173076923076922906e+00
2.545454545454545414e+00
3.875000000000000000e+00
2.545454545454545414e+00
2.095238095238095344e+00
3.534883720930232620e+00
3.756097560975609539e+00
3.523809523809523725e+00
2.220338983050847315e+00
3.642857142857142794e+00
2.148148148148148362e+00
2.854166666666666519e+00
2.700000000000000178e+00
1.843137254901960675e+00
3.021739130434782705e+00
3.404761904761904656e+00
2.083333333333333481e+00
2.823529411764706065e+00
2.275862068965517349e+00
2.888888888888888840e+00
3.642857142857142794e+00
3.534883720930232620e+00
3.062500000000000000e+00
2.723404255319148870e+00
2.333333333333333481e+00
3.111111111111111160e+00
2.700000000000000178e+00
2.979591836734694077e+00
3.239130434782608869e+00
2.750000000000000000e+00
2.369565217391304213e+00
4.000000000000000000e+00
2.454545454545454586e+00
3.062500000000000000e+00
1.903225806451612989e+00
2.571428571428571619e+00
3.756097560975609539e+00
3.111111111111111160e+00
3.642857142857142794e+00
2.362068965517241548e+00
3.642857142857142794e+00
3.642857142857142794e+00
3.756097560975609539e+00
3.875000000000000000e+00
4.131578947368421240e+00
3.534883720930232620e+00
2.510638297872340274e+00
3.523809523809523725e+00
3.875000000000000000e+00
3.756097560975609539e+00
3.756097560975609539e+00
3.431818181818181657e+00
3.756097560975609539e+00
2.490566037735848948e+00
4.131578947368421240e+00
3.534883720930232620e+00
2.750000000000000000e+00
3.302325581395348930e+00
3.642857142857142794e+00
3.062500000000000000e+00
3.642857142857142794e+00
4.000000000000000000e+00
3.404761904761904656e+00
3.418604651162790553e+00
3.333333333333333481e+00
4.270270270270270174e+00
2.750000000000000000e+00
3.875000000000000000e+00
4.131578947368421240e+00
3.148936170212766061e+00
3.333333333333333481e+00
2.700000000000000178e+00
4.131578947368421240e+00
3.634146341463414753e+00
3.634146341463414753e+00
4.000000000000000000e+00
2.421052631578947345e+00
4.285714285714285587e+00
3.431818181818181657e+00
3.021739130434782705e+00
3.534883720930232620e+00
3.302325581395348930e+00
3.148936170212766061e+00
2.301886792452830122e+00
2.700000000000000178e+00
2.083333333333333481e+00
2.899999999999999911e+00
1.910447761194029814e+00
3.148936170212766061e+00
2.250000000000000000e+00
3.756097560975609539e+00
3.756097560975609539e+00
2.272727272727272929e+00
3.148936170212766061e+00
3.021739130434782705e+00
2.979591836734694077e+00
3.642857142857142794e+00
2.823529411764706065e+00
3.512195121951219523e+00
3.743589743589743613e+00
3.431818181818181657e+00
3.239130434782608869e+00
3.534883720930232620e+00
3.333333333333333481e+00
2.700000000000000178e+00
3.743589743589743613e+00
2.775510204081632626e+00
3.756097560975609539e+00
3.404761904761904656e+00
3.302325581395348930e+00
2.627450980392156854e+00
3.239130434782608869e+00
2.723404255319148870e+00
3.062500000000000000e+00
3.111111111111111160e+00
3.729729729729729826e+00
4.131578947368421240e+00
3.875000000000000000e+00
2.888888888888888840e+00
3.743589743589743613e+00
3.431818181818181657e+00
3.523809523809523725e+00
4.000000000000000000e+00
1.500000000000000000e+00
1.083333333333333259e+00
3.534883720930232620e+00
3.615384615384615419e+00
2.557692307692307487e+00
3.875000000000000000e+00
3.062500000000000000e+00
3.418604651162790553e+00
3.222222222222222321e+00
2.775510204081632626e+00
2.478260869565217295e+00
3.756097560975609539e+00
3.534883720930232620e+00
3.148936170212766061e+00
3.756097560975609539e+00
3.512195121951219523e+00
3.642857142857142794e+00
4.000000000000000000e+00
3.750000000000000000e+00
3.390243902439024293e+00
4.135135135135135087e+00
3.642857142857142794e+00
3.431818181818181657e+00
3.431818181818181657e+00
3.302325581395348930e+00
3.756097560975609539e+00
3.390243902439024293e+00
2.522727272727272929e+00
3.333333333333333481e+00
4.000000000000000000e+00
4.270270270270270174e+00
1.868852459016393519e+00
4.270270270270270174e+00
1.777777777777777679e+00
3.523809523809523725e+00
2.627450980392156854e+00
3.318181818181818343e+00
3.069767441860465240e+00
3.333333333333333481e+00
3.642857142857142794e+00
3.431818181818181657e+00
3.333333333333333481e+00
3.404761904761904656e+00
3.756097560975609539e+00
2.899999999999999911e+00
3.333333333333333481e+00
4.135135135135135087e+00
3.512195121951219523e+00
3.523809523809523725e+00
4.131578947368421240e+00
3.090909090909090828e+00
4.131578947368421240e+00
3.148936170212766061e+00
2.571428571428571619e+00
3.333333333333333481e+00
4.000000000000000000e+00
2.913043478260869623e+00
3.431818181818181657e+00
3.642857142857142794e+00
4.270270270270270174e+00
3.534883720930232620e+00
3.333333333333333481e+00
2.775510204081632626e+00
4.270270270270270174e+00
2.510638297872340274e+00
3.302325581395348930e+00
3.418604651162790553e+00
3.512195121951219523e+00
2.396226415094339757e+00
3.125000000000000000e+00
2.586956521739130377e+00
4.131578947368421240e+00
3.404761904761904656e+00
4.270270270270270174e+00
3.204545454545454586e+00
3.743589743589743613e+00
2.888888888888888840e+00
3.875000000000000000e+00
2.700000000000000178e+00
3.021739130434782705e+00
3.534883720930232620e+00
2.804347826086956541e+00
3.431818181818181657e+00
3.534883720930232620e+00
3.642857142857142794e+00
2.823529411764706065e+00
3.431818181818181657e+00
3.875000000000000000e+00
3.239130434782608869e+00
4.131578947368421240e+00
3.642857142857142794e+00
3.756097560975609539e+00
4.000000000000000000e+00
2.899999999999999911e+00
3.534883720930232620e+00
3.534883720930232620e+00
3.523809523809523725e+00
3.642857142857142794e+00
4.270270270270270174e+00
4.000000000000000000e+00
2.823529411764706065e+00
2.775510204081632626e+00
1.894736842105263053e+00
3.534883720930232620e+00
3.756097560975609539e+00
2.958333333333333481e+00
4.131578947368421240e+00
3.756097560975609539e+00
3.148936170212766061e+00
3.318181818181818343e+00
2.775510204081632626e+00
3.404761904761904656e+00
4.000000000000000000e+00
2.362068965517241548e+00
2.979591836734694077e+00
3.642857142857142794e+00
3.111111111111111160e+00
3.062500000000000000e+00
3.875000000000000000e+00
3.069767441860465240e+00
3.756097560975609539e+00
3.875000000000000000e+00
4.000000000000000000e+00
3.302325581395348930e+00
4.131578947368421240e+00
2.700000000000000178e+00
3.090909090909090828e+00
3.642857142857142794e+00
3.534883720930232620e+00
2.392857142857142794e+00
2.490566037735848948e+00
3.111111111111111160e+00
3.871794871794871806e+00
3.875000000000000000e+00
3.000000000000000000e+00
3.021739130434782705e+00
3.166666666666666519e+00
3.625000000000000000e+00
4.131578947368421240e+00
3.534883720930232620e+00
2.333333333333333481e+00
4.000000000000000000e+00
3.743589743589743613e+00
3.333333333333333481e+00
3.204545454545454586e+00
3.404761904761904656e+00
2.979591836734694077e+00
3.756097560975609539e+00
3.756097560975609539e+00
3.000000000000000000e+00
4.270270270270270174e+00
3.534883720930232620e+00
3.204545454545454586e+00
3.302325581395348930e+00
3.222222222222222321e+00
2.627450980392156854e+00
3.523809523809523725e+00
3.333333333333333481e+00
2.571428571428571619e+00
3.333333333333333481e+00
3.756097560975609539e+00
4.000000000000000000e+00
3.302325581395348930e+00
3.431818181818181657e+00
3.875000000000000000e+00
2.936170212765957466e+00
3.534883720930232620e+00
3.204545454545454586e+00
3.534883720930232620e+00
3.642857142857142794e+00
4.270270270270270174e+00
3.333333333333333481e+00
3.021739130434782705e+00
3.875000000000000000e+00
2.936170212765957466e+00
3.642857142857142794e+00
2.953488372093023173e+00
3.642857142857142794e+00
4.131578947368421240e+00
2.979591836734694077e+00
2.899999999999999911e+00
3.404761904761904656e+00
3.743589743589743613e+00
3.431818181818181657e+00
3.404761904761904656e+00
2.557692307692307487e+00
3.756097560975609539e+00
3.148936170212766061e+00
3.534883720930232620e+00
3.404761904761904656e+00
3.062500000000000000e+00
3.875000000000000000e+00
3.062500000000000000e+00
3.625000000000000000e+00
4.000000000000000000e+00
3.333333333333333481e+00
3.431818181818181657e+00
3.743589743589743613e+00
3.418604651162790553e+00
3.431818181818181657e+00
3.743589743589743613e+00
2.936170212765957466e+00
3.186046511627906863e+00
2.145161290322580516e+00
2.979591836734694077e+00
3.268292682926829062e+00
3.642857142857142794e+00
4.270270270270270174e+00
3.756097560975609539e+00
3.756097560975609539e+00
3.756097560975609539e+00
3.875000000000000000e+00
4.000000000000000000e+00
2.854166666666666519e+00
3.875000000000000000e+00
3.756097560975609539e+00
3.534883720930232620e+00
3.868421052631578760e+00
2.936170212765957466e+00
3.333333333333333481e+00
4.000000000000000000e+00
4.000000000000000000e+00
4.270270270270270174e+00
4.000000000000000000e+00
4.000000000000000000e+00
3.534883720930232620e+00
4.131578947368421240e+00
3.875000000000000000e+00
3.390243902439024293e+00
3.743589743589743613e+00
3.523809523809523725e+00
3.875000000000000000e+00
2.936170212765957466e+00
3.148936170212766061e+00
4.000000000000000000e+00
4.000000000000000000e+00
2.899999999999999911e+00
2.829787234042553390e+00
1.734375000000000000e+00
2.936170212765957466e+00
2.837209302325581550e+00
3.021739130434782705e+00
3.111111111111111160e+00
3.302325581395348930e+00
4.000000000000000000e+00
3.615384615384615419e+00
2.750000000000000000e+00
2.399999999999999911e+00
3.868421052631578760e+00
2.557692307692307487e+00
2.829787234042553390e+00
2.269230769230769162e+00
2.700000000000000178e+00
3.302325581395348930e+00
2.135593220338983134e+00
3.625000000000000000e+00
2.854166666666666519e+00
2.627450980392156854e+00
3.021739130434782705e+00
1.720588235294117752e+00
2.000000000000000000e+00
3.534883720930232620e+00
4.000000000000000000e+00
2.220338983050847315e+00
2.823529411764706065e+00
3.534883720930232620e+00
3.418604651162790553e+00
3.431818181818181657e+00
4.000000000000000000e+00
2.977272727272727071e+00
3.404761904761904656e+00
3.512195121951219523e+00
3.148936170212766061e+00
1.651515151515151603e+00
3.186046511627906863e+00
4.000000000000000000e+00
3.062500000000000000e+00
4.000000000000000000e+00
2.545454545454545414e+00
3.868421052631578760e+00
3.868421052631578760e+00
3.756097560975609539e+00
3.431818181818181657e+00
2.645833333333333481e+00
3.642857142857142794e+00
2.979591836734694077e+00
2.750000000000000000e+00
3.333333333333333481e+00
3.756097560975609539e+00
2.469387755102040671e+00
3.875000000000000000e+00
3.090909090909090828e+00
3.021739130434782705e+00
2.500000000000000000e+00
4.131578947368421240e+00
3.534883720930232620e+00
3.642857142857142794e+00
3.318181818181818343e+00
4.000000000000000000e+00
3.130434782608695787e+00
3.431818181818181657e+00
3.431818181818181657e+00
3.743589743589743613e+00
3.239130434782608869e+00
2.936170212765957466e+00
2.100000000000000089e+00
-1.017964071856287400e-01
3.534883720930232620e+00
2.936170212765957466e+00
3.333333333333333481e+00
3.222222222222222321e+00
3.302325581395348930e+00
3.756097560975609539e+00
3.871794871794871806e+00
3.534883720930232620e+00
3.431818181818181657e+00
3.875000000000000000e+00
2.469387755102040671e+00
3.239130434782608869e+00
2.000000000000000000e+00
2.888888888888888840e+00
3.512195121951219523e+00
4.000000000000000000e+00
3.166666666666666519e+00
3.634146341463414753e+00
2.799999999999999822e+00
3.642857142857142794e+00
4.000000000000000000e+00
4.000000000000000000e+00
3.239130434782608869e+00
3.642857142857142794e+00
3.021739130434782705e+00
3.318181818181818343e+00
2.823529411764706065e+00
3.534883720930232620e+00
4.131578947368421240e+00
2.557692307692307487e+00
3.062500000000000000e+00
2.823529411764706065e+00
3.333333333333333481e+00
2.854166666666666519e+00
4.000000000000000000e+00
2.666666666666666519e+00
3.021739130434782705e+00
3.625000000000000000e+00
3.268292682926829062e+00
2.936170212765957466e+00
3.642857142857142794e+00
3.021739130434782705e+00
1.349397590361445687e+00
9.587628865979381798e-01
2.303571428571428381e+00
4.000000000000000000e+00
3.062500000000000000e+00
3.333333333333333481e+00
2.750000000000000000e+00
2.679245283018867774e+00
2.557692307692307487e+00
2.272727272727272929e+00
2.250000000000000000e+00
3.534883720930232620e+00
2.679245283018867774e+00
4.000000000000000000e+00
2.979591836734694077e+00
4.131578947368421240e+00
3.625000000000000000e+00
3.148936170212766061e+00
3.239130434782608869e+00
3.642857142857142794e+00
2.979591836734694077e+00
3.204545454545454586e+00
3.111111111111111160e+00
2.700000000000000178e+00
1.846153846153846256e+00
2.571428571428571619e+00
2.854166666666666519e+00
2.303571428571428381e+00
1.692307692307692291e+00
3.069767441860465240e+00
2.018867924528302105e+00
2.804347826086956541e+00
2.627450980392156854e+00
3.512195121951219523e+00
3.500000000000000000e+00
2.936170212765957466e+00
2.584905660377358583e+00
3.743589743589743613e+00
3.204545454545454586e+00
3.021739130434782705e+00
3.358974358974359031e+00
4.270270270270270174e+00
3.523809523809523725e+00
3.148936170212766061e+00
3.333333333333333481e+00
3.756097560975609539e+00
3.268292682926829062e+00
3.534883720930232620e+00
2.541666666666666519e+00
2.545454545454545414e+00
3.111111111111111160e+00
3.868421052631578760e+00
3.111111111111111160e+00
2.145161290322580516e+00
4.000000000000000000e+00
3.756097560975609539e+00
2.854166666666666519e+00
3.534883720930232620e+00
3.390243902439024293e+00
3.204545454545454586e+00
3.534883720930232620e+00
3.512195121951219523e+00
3.743589743589743613e+00
2.627450980392156854e+00
3.318181818181818343e+00
3.875000000000000000e+00
3.204545454545454586e+00
3.302325581395348930e+00
3.090909090909090828e+00
3.333333333333333481e+00
3.111111111111111160e+00
3.418604651162790553e+00
3.204545454545454586e+00
2.899999999999999911e+00
3.756097560975609539e+00
2.611111111111111160e+00
3.333333333333333481e+00
4.270270270270270174e+00
2.775510204081632626e+00
3.204545454545454586e+00
3.302325581395348930e+00
3.534883720930232620e+00
1.708333333333333259e+00
3.130434782608695787e+00
3.875000000000000000e+00
3.404761904761904656e+00
3.743589743589743613e+00
-3.585526315789473450e-01
2.518518518518518601e+00
3.148936170212766061e+00
2.333333333333333481e+00
3.148936170212766061e+00
3.062500000000000000e+00
3.642857142857142794e+00
2.936170212765957466e+00
3.222222222222222321e+00
3.302325581395348930e+00
3.523809523809523725e+00
4.000000000000000000e+00
2.545454545454545414e+00
3.431818181818181657e+00
2.899999999999999911e+00
3.302325581395348930e+00
3.756097560975609539e+00
3.333333333333333481e+00
3.431818181818181657e+00
4.000000000000000000e+00
3.875000000000000000e+00
2.750000000000000000e+00
4.270270270270270174e+00
4.135135135135135087e+00
3.390243902439024293e+00
3.642857142857142794e+00
3.239130434782608869e+00
3.871794871794871806e+00
1.294117647058823595e+00
2.600000000000000089e+00
2.500000000000000000e+00
3.062500000000000000e+00
4.270270270270270174e+00
3.750000000000000000e+00
3.756097560975609539e+00
2.979591836734694077e+00
3.431818181818181657e+00
3.148936170212766061e+00
4.000000000000000000e+00
2.775510204081632626e+00
3.333333333333333481e+00
3.302325581395348930e+00
3.642857142857142794e+00
2.936170212765957466e+00
3.318181818181818343e+00
3.302325581395348930e+00
3.166666666666666519e+00
3.431818181818181657e+00
2.305084745762711940e+00
3.130434782608695787e+00
2.899999999999999911e+00
2.645833333333333481e+00
3.418604651162790553e+00
3.204545454545454586e+00
2.490566037735848948e+00
2.500000000000000000e+00
3.333333333333333481e+00
3.756097560975609539e+00
3.431818181818181657e+00
3.875000000000000000e+00
3.756097560975609539e+00
3.268292682926829062e+00
3.534883720930232620e+00
3.431818181818181657e+00
3.868421052631578760e+00
3.534883720930232620e+00
3.642857142857142794e+00
3.875000000000000000e+00
4.270270270270270174e+00
3.875000000000000000e+00
3.204545454545454586e+00
3.534883720930232620e+00
3.431818181818181657e+00
3.534883720930232620e+00
2.365384615384615419e+00
2.799999999999999822e+00
2.173076923076922906e+00
3.204545454545454586e+00
3.642857142857142794e+00
3.875000000000000000e+00
3.625000000000000000e+00
3.431818181818181657e+00
3.534883720930232620e+00
3.534883720930232620e+00
3.875000000000000000e+00
3.302325581395348930e+00
2.229166666666666519e+00
3.743589743589743613e+00
3.875000000000000000e+00
3.642857142857142794e+00
4.000000000000000000e+00
3.302325581395348930e+00
3.756097560975609539e+00
3.062500000000000000e+00
3.148936170212766061e+00
3.534883720930232620e+00
1.758620689655172376e+00
3.642857142857142794e+00
3.875000000000000000e+00
3.418604651162790553e+00
3.204545454545454586e+00
3.523809523809523725e+00
2.679245283018867774e+00
4.000000000000000000e+00
4.000000000000000000e+00
2.979591836734694077e+00
2.571428571428571619e+00
3.318181818181818343e+00
3.148936170212766061e+00
4.131578947368421240e+00
2.775510204081632626e+00
4.270270270270270174e+00
3.302325581395348930e+00
3.534883720930232620e+00
4.000000000000000000e+00
3.222222222222222321e+00
3.534883720930232620e+00
2.627450980392156854e+00
4.000000000000000000e+00
3.534883720930232620e+00
4.131578947368421240e+00
3.875000000000000000e+00
1.983870967741935498e+00
2.936170212765957466e+00
4.131578947368421240e+00
1.500000000000000000e+00
3.868421052631578760e+00
3.487179487179487225e+00
2.854166666666666519e+00
3.166666666666666519e+00
3.431818181818181657e+00
3.062500000000000000e+00
3.302325581395348930e+00
3.333333333333333481e+00
3.239130434782608869e+00
2.979591836734694077e+00
3.756097560975609539e+00
3.021739130434782705e+00
3.534883720930232620e+00
3.534883720930232620e+00
2.899999999999999911e+00
3.062500000000000000e+00
3.642857142857142794e+00
2.750000000000000000e+00
4.270270270270270174e+00
3.090909090909090828e+00
3.204545454545454586e+00
3.642857142857142794e+00
3.062500000000000000e+00
4.131578947368421240e+00
3.204545454545454586e+00
2.490566037735848948e+00
2.240740740740740922e+00
3.302325581395348930e+00
3.333333333333333481e+00
2.913043478260869623e+00
3.418604651162790553e+00
2.365384615384615419e+00
3.333333333333333481e+00
3.431818181818181657e+00
3.756097560975609539e+00
2.979591836734694077e+00
3.875000000000000000e+00
3.534883720930232620e+00
2.854166666666666519e+00
3.431818181818181657e+00
3.756097560975609539e+00
3.756097560975609539e+00
2.899999999999999911e+00
4.270270270270270174e+00
2.500000000000000000e+00
3.333333333333333481e+00
3.333333333333333481e+00
3.024390243902439046e+00
2.750000000000000000e+00
3.743589743589743613e+00
2.431372549019607643e+00
2.529411764705882248e+00
4.131578947368421240e+00
3.302325581395348930e+00
2.775510204081632626e+00
2.032786885245901676e+00
4.000000000000000000e+00
4.000000000000000000e+00
3.239130434782608869e+00
3.756097560975609539e+00
4.000000000000000000e+00
3.318181818181818343e+00
3.239130434782608869e+00
2.936170212765957466e+00
4.000000000000000000e+00
3.111111111111111160e+00
2.240740740740740922e+00
3.239130434782608869e+00
2.775510204081632626e+00
3.042553191489361541e+00
3.111111111111111160e+00
3.333333333333333481e+00
4.000000000000000000e+00
3.875000000000000000e+00
4.131578947368421240e+00
4.135135135135135087e+00
2.181818181818181657e+00
3.642857142857142794e+00
4.000000000000000000e+00
3.875000000000000000e+00
3.418604651162790553e+00
3.130434782608695787e+00
4.000000000000000000e+00
3.875000000000000000e+00
4.131578947368421240e+00
3.431818181818181657e+00
3.333333333333333481e+00
2.888888888888888840e+00
3.534883720930232620e+00
4.000000000000000000e+00
4.000000000000000000e+00
3.756097560975609539e+00
3.222222222222222321e+00
3.431818181818181657e+00
3.062500000000000000e+00
3.534883720930232620e+00
3.431818181818181657e+00
3.756097560975609539e+00
2.510638297872340274e+00
3.642857142857142794e+00
3.642857142857142794e+00
4.000000000000000000e+00
4.000000000000000000e+00
3.111111111111111160e+00
3.875000000000000000e+00
3.625000000000000000e+00
3.148936170212766061e+00
4.270270270270270174e+00
3.000000000000000000e+00
3.431818181818181657e+00
3.302325581395348930e+00
3.875000000000000000e+00
3.431818181818181657e+00
3.042553191489361541e+00
