-1.370000000000000107e+00
-1.145000000000000018e+00
-1.192582025677603408e+00
-1.260000000000000009e+00
-1.090000000000000080e+00
-1.155000000000000027e+00
-9.297752808988763995e-01
-1.094999999999999973e+00
-1.100000000000000089e+00
-7.774480712166171870e-01
-1.074999999999999956e+00
-7.500000000000000000e-01
-1.114999999999999991e+00
-8.529411764705882026e-01
-8.297213622291021995e-01
-1.090000000000000080e+00
-5.927601809954751166e-01
-6.491228070175438791e-01
-1.104999999999999982e+00
-8.358208955223880299e-01
-1.129999999999999893e+00
-8.835274542429284450e-01
-7.938144329896906770e-01
-8.585972850678732504e-01
-8.311306901615271858e-01
-9.139908256880734383e-01
-8.102094240837696137e-01
-1.205000000000000071e+00
-5.645161290322581182e-01
-8.005502063273727265e-01
-5.378151260504201447e-01
-1.060000000000000053e+00
-1.080000000000000071e+00
-8.067632850241546194e-01
-1.074999999999999956e+00
-7.895500725689404975e-01
-1.110000000000000098e+00
-7.328244274809160297e-01
-1.050000000000000044e+00
-5.405405405405405705e-02
-1.064999999999999947e+00
-8.417350527549823935e-01
1.890243902439024404e-01
-8.090909090909090828e-01
-7.619047619047618625e-01
-6.109839816933638756e-01
-4.522613065326633319e-02
-3.041237113402061598e-01
1.000000000000000056e-01
-6.480938416422287185e-01
6.060606060606060774e-02
-4.505494505494505586e-01
-4.943820224719100986e-01
-2.857142857142856984e-01
-3.486590038314176243e-01
-4.510385756676557611e-01
7.289719626168223998e-01
-6.690518783542039882e-01
-1.054999999999999938e+00
-1.074999999999999956e+00
-7.776365946632782800e-01
-8.040752351097179007e-01
-4.540229885057471271e-01
-6.989528795811518203e-01
-7.790697674418605168e-01
2.847222222222222099e-01
5.714285714285714107e-02
-1.964285714285714246e-01
-2.009132420091324089e-01
5.983606557377049162e-01
3.351955307262569767e-02
-2.010050251256281437e-02
1.309523809523809590e-01
-1.070000000000000062e+00
3.829787234042553168e-01
-3.939393939393939226e-01
5.702479338842975087e-01
-1.702127659574468044e-01
-9.756097560975610095e-02
-8.838896952104499105e-01
-1.595744680851063704e-02
8.571428571428570953e-01
4.552238805970149071e-01
6.115702479338842590e-01
-8.086956521739130377e-01
-6.494845360824742508e-01
-1.100000000000000089e+00
-4.971264367816091712e-01
-8.607888631090486742e-01
1.294117647058823595e+00
-1.159999999999999920e+00
1.458333333333333426e-01
3.636363636363636465e-01
5.040650406504064707e-01
1.228915662650602370e+00
8.571428571428570953e-01
1.111111111111111049e-01
7.727272727272727071e-01
2.679245283018867774e+00
-8.051948051948052409e-01
9.117647058823529216e-01
5.277777777777777901e-01
-1.110000000000000098e+00
-8.539325842696628976e-01
-1.010000000000000009e+00
-4.632768361581920957e-01
6.990291262135922556e-01
1.052631578947368363e+00
5.600000000000000533e-01
9.499999999999999556e-01
8.499999999999999778e-01
1.565789473684210620e+00
2.095238095238095344e+00
1.708333333333333259e+00
1.803030303030302983e+00
-9.613899613899613561e-01
1.534246575342465668e+00
-4.368600682593856699e-01
-8.261390887290167573e-01
-7.259136212624585083e-01
-1.630901287553647994e-01
-9.090909090909091161e-02
8.817204301075268758e-01
1.826086956521739024e+00
-8.852459016393442459e-01
1.134831460674157411e+00
-5.338983050847457834e-01
-8.260869565217391353e-01
-1.034999999999999920e+00
-1.100000000000000089e+00
-1.395348837209302306e-01
-1.010000000000000009e+00
-6.808510638297872175e-01
2.979591836734694077e+00
9.696969696969697239e-01
3.642857142857142794e+00
3.756097560975609539e+00
3.418604651162790553e+00
2.977272727272727071e+00
3.756097560975609539e+00
3.875000000000000000e+00
1.785714285714285809e+00
3.875000000000000000e+00
3.743589743589743613e+00
-8.072916666666666297e-01
-8.013620885357548573e-01
-5.982142857142856984e-01
-5.224719101123596054e-01
-3.743315508021390070e-02
-1.558441558441558406e-01
2.823529411764706065e+00
3.333333333333333481e+00
2.000000000000000000e+00
3.743589743589743613e+00
3.062500000000000000e+00
3.431818181818181657e+00
3.431818181818181657e+00
3.871794871794871806e+00
4.000000000000000000e+00
3.756097560975609539e+00
3.404761904761904656e+00
3.302325581395348930e+00
3.418604651162790553e+00
3.875000000000000000e+00
3.418604651162790553e+00
2.936170212765957466e+00
2.958333333333333481e+00
3.875000000000000000e+00
3.875000000000000000e+00
4.131578947368421240e+00
3.239130434782608869e+00
3.333333333333333481e+00
3.148936170212766061e+00
3.431818181818181657e+00
3.333333333333333481e+00
3.021739130434782705e+00
4.131578947368421240e+00
3.750000000000000000e+00
4.131578947368421240e+00
3.642857142857142794e+00
3.111111111111111160e+00
4.000000000000000000e+00
3.333333333333333481e+00
3.390243902439024293e+00
3.111111111111111160e+00
4.000000000000000000e+00
2.425925925925926041e+00
3.512195121951219523e+00
3.534883720930232620e+00
2.679245283018867774e+00
4.270270270270270174e+00
3.111111111111111160e+00
3.239130434782608869e+00
3.021739130434782705e+00
3.021739130434782705e+00
4.000000000000000000e+00
3.534883720930232620e+00
3.204545454545454586e+00
1.500000000000000000e+00
3.431818181818181657e+00
3.642857142857142794e+00
3.431818181818181657e+00
3.111111111111111160e+00
3.431818181818181657e+00
3.642857142857142794e+00
3.642857142857142794e+00
3.333333333333333481e+00
3.204545454545454586e+00
2.775510204081632626e+00
2.899999999999999911e+00
3.634146341463414753e+00
2.103448275862068950e+00
2.627450980392156854e+00
2.545454545454545414e+00
3.239130434782608869e+00
3.239130434782608869e+00
2.305084745762711940e+00
2.823529411764706065e+00
2.899999999999999911e+00
4.000000000000000000e+00
4.131578947368421240e+00
3.148936170212766061e+00
3.512195121951219523e+00
2.627450980392156854e+00
3.756097560975609539e+00
3.875000000000000000e+00
3.642857142857142794e+00
3.534883720930232620e+00
3.534883720930232620e+00
3.756097560975609539e+00
3.625000000000000000e+00
3.000000000000000000e+00
1.777777777777777679e+00
4.000000000000000000e+00
2.431372549019607643e+00
2.877551020408163129e+00
8.131868131868131844e-01
2.936170212765957466e+00
1.074468085106383031e+00
2.454545454545454586e+00
2.500000000000000000e+00
1.302631578947368363e+00
2.431372549019607643e+00
3.318181818181818343e+00
3.302325581395348930e+00
3.404761904761904656e+00
3.239130434782608869e+00
2.679245283018867774e+00
2.725490196078431460e+00
3.756097560975609539e+00
3.333333333333333481e+00
3.302325581395348930e+00
3.756097560975609539e+00
4.270270270270270174e+00
3.302325581395348930e+00
3.523809523809523725e+00
2.877551020408163129e+00
3.642857142857142794e+00
3.512195121951219523e+00
3.239130434782608869e+00
3.756097560975609539e+00
4.270270270270270174e+00
3.148936170212766061e+00
3.875000000000000000e+00
3.534883720930232620e+00
3.756097560975609539e+00
4.000000000000000000e+00
2.958333333333333481e+00
4.131578947368421240e+00
3.222222222222222321e+00
3.523809523809523725e+00
2.700000000000000178e+00
3.875000000000000000e+00
2.888888888888888840e+00
3.756097560975609539e+00
2.913043478260869623e+00
3.642857142857142794e+00
4.131578947368421240e+00
3.186046511627906863e+00
3.390243902439024293e+00
3.875000000000000000e+00
3.042553191489361541e+00
2.653846153846153744e+00
3.642857142857142794e+00
1.312500000000000000e+00
4.270270270270270174e+00
2.627450980392156854e+00
3.634146341463414753e+00
3.148936170212766061e+00
3.642857142857142794e+00
3.534883720930232620e+00
4.575163398692810163e-02
3.333333333333333481e+00
4.270270270270270174e+00
3.062500000000000000e+00
3.431818181818181657e+00
3.239130434782608869e+00
3.239130434782608869e+00
3.431818181818181657e+00
2.775510204081632626e+00
3.634146341463414753e+00
3.222222222222222321e+00
3.404761904761904656e+00
2.775510204081632626e+00
3.756097560975609539e+00
3.239130434782608869e+00
3.062500000000000000e+00
3.239130434782608869e+00
3.431818181818181657e+00
2.272727272727272929e+00
2.679245283018867774e+00
3.404761904761904656e+00
2.700000000000000178e+00
3.756097560975609539e+00
3.642857142857142794e+00
1.868852459016393519e+00
3.534883720930232620e+00
3.756097560975609539e+00
2.679245283018867774e+00
4.000000000000000000e+00
-1.197604790419161749e-02
3.186046511627906863e+00
3.756097560975609539e+00
3.333333333333333481e+00
3.534883720930232620e+00
3.062500000000000000e+00
2.775510204081632626e+00
1.936507936507936511e+00
4.131578947368421240e+00
3.239130434782608869e+00
3.512195121951219523e+00
4.000000000000000000e+00
2.899999999999999911e+00
3.756097560975609539e+00
3.642857142857142794e+00
3.333333333333333481e+00
3.431818181818181657e+00
3.390243902439024293e+00
2.777777777777777679e+00
3.062500000000000000e+00
3.431818181818181657e+00
3.404761904761904656e+00
2.135593220338983134e+00
3.021739130434782705e+00
3.418604651162790553e+00
3.634146341463414753e+00
3.375000000000000000e+00
3.875000000000000000e+00
3.239130434782608869e+00
2.627450980392156854e+00
3.404761904761904656e+00
2.936170212765957466e+00
3.634146341463414753e+00
4.000000000000000000e+00
3.204545454545454586e+00
3.743589743589743613e+00
3.431818181818181657e+00
2.750000000000000000e+00
4.131578947368421240e+00
3.239130434782608869e+00
3.302325581395348930e+00
3.875000000000000000e+00
4.000000000000000000e+00
3.534883720930232620e+00
3.875000000000000000e+00
3.642857142857142794e+00
3.756097560975609539e+00
3.222222222222222321e+00
3.418604651162790553e+00
3.042553191489361541e+00
3.239130434782608869e+00
3.333333333333333481e+00
4.000000000000000000e+00
3.512195121951219523e+00
2.700000000000000178e+00
3.875000000000000000e+00
3.523809523809523725e+00
3.431818181818181657e+00
3.042553191489361541e+00
2.958333333333333481e+00
1.983870967741935498e+00
3.239130434782608869e+00
3.875000000000000000e+00
2.936170212765957466e+00
3.750000000000000000e+00
3.333333333333333481e+00
3.523809523809523725e+00
3.404761904761904656e+00
3.000000000000000000e+00
3.431818181818181657e+00
3.534883720930232620e+00
3.743589743589743613e+00
3.222222222222222321e+00
3.868421052631578760e+00
3.333333333333333481e+00
2.207547169811320931e+00
3.875000000000000000e+00
3.534883720930232620e+00
3.743589743589743613e+00
2.877551020408163129e+00
3.523809523809523725e+00
3.021739130434782705e+00
2.679245283018867774e+00
4.131578947368421240e+00
3.756097560975609539e+00
4.131578947368421240e+00
3.021739130434782705e+00
3.523809523809523725e+00
4.000000000000000000e+00
2.899999999999999911e+00
3.318181818181818343e+00
3.431818181818181657e+00
1.647058823529411686e+00
1.302631578947368363e+00
3.642857142857142794e+00
8.656716417910447214e-01
3.523809523809523725e+00
3.743589743589743613e+00
3.534883720930232620e+00
3.875000000000000000e+00
3.021739130434782705e+00
3.756097560975609539e+00
4.000000000000000000e+00
2.899999999999999911e+00
3.062500000000000000e+00
3.431818181818181657e+00
3.512195121951219523e+00
3.875000000000000000e+00
3.239130434782608869e+00
4.000000000000000000e+00
2.125000000000000000e+00
1.688311688311688319e-01
2.671232876712328896e-01
2.627450980392156854e+00
3.186046511627906863e+00
3.756097560975609539e+00
2.627450980392156854e+00
2.979591836734694077e+00
3.431818181818181657e+00
3.756097560975609539e+00
2.673469387755102122e+00
4.000000000000000000e+00
3.756097560975609539e+00
3.062500000000000000e+00
2.854166666666666519e+00
3.756097560975609539e+00
2.936170212765957466e+00
3.333333333333333481e+00
4.000000000000000000e+00
3.062500000000000000e+00
3.625000000000000000e+00
3.333333333333333481e+00
4.270270270270270174e+00
3.333333333333333481e+00
3.534883720930232620e+00
2.854166666666666519e+00
4.000000000000000000e+00
3.222222222222222321e+00
3.512195121951219523e+00
3.431818181818181657e+00
3.871794871794871806e+00
2.775510204081632626e+00
2.700000000000000178e+00
2.823529411764706065e+00
3.875000000000000000e+00
3.875000000000000000e+00
3.431818181818181657e+00
3.239130434782608869e+00
3.868421052631578760e+00
4.270270270270270174e+00
3.404761904761904656e+00
3.404761904761904656e+00
3.534883720930232620e+00
4.000000000000000000e+00
2.461538461538461675e+00
3.534883720930232620e+00
3.404761904761904656e+00
3.148936170212766061e+00
3.062500000000000000e+00
9.680851063829787329e-01
2.899999999999999911e+00
3.642857142857142794e+00
1.844827586206896575e+00
1.600000000000000089e+00
2.064516129032258007e+00
1.256097560975609762e+00
3.333333333333333481e+00
1.672413793103448176e+00
-5.231958762886598224e-01
-2.672413793103448065e-01
1.349397590361445687e+00
2.888888888888888840e+00
3.204545454545454586e+00
3.756097560975609539e+00
3.534883720930232620e+00
3.634146341463414753e+00
3.062500000000000000e+00
3.534883720930232620e+00
2.823529411764706065e+00
2.899999999999999911e+00
6.228070175438596978e-01
2.333333333333333481e+00
3.302325581395348930e+00
2.333333333333333481e+00
3.069767441860465240e+00
2.958333333333333481e+00
3.534883720930232620e+00
2.584905660377358583e+00
4.000000000000000000e+00
3.534883720930232620e+00
3.875000000000000000e+00
9.662921348314607028e-01
3.062500000000000000e+00
3.062500000000000000e+00
3.534883720930232620e+00
3.302325581395348930e+00
3.431818181818181657e+00
3.062500000000000000e+00
3.534883720930232620e+00
3.634146341463414753e+00
3.239130434782608869e+00
3.302325581395348930e+00
3.642857142857142794e+00
4.000000000000000000e+00
2.777777777777777679e+00
3.062500000000000000e+00
3.756097560975609539e+00
3.512195121951219523e+00
4.000000000000000000e+00
3.534883720930232620e+00
2.829787234042553390e+00
2.482142857142857206e+00
3.756097560975609539e+00
3.534883720930232620e+00
3.111111111111111160e+00
3.642857142857142794e+00
3.868421052631578760e+00
3.534883720930232620e+00
3.333333333333333481e+00
3.431818181818181657e+00
2.823529411764706065e+00
3.431818181818181657e+00
2.877551020408163129e+00
3.062500000000000000e+00
3.634146341463414753e+00
3.512195121951219523e+00
2.854166666666666519e+00
3.204545454545454586e+00
3.021739130434782705e+00
3.148936170212766061e+00
3.204545454545454586e+00
3.875000000000000000e+00
3.333333333333333481e+00
3.239130434782608869e+00
3.756097560975609539e+00
2.545454545454545414e+00
4.270270270270270174e+00
4.131578947368421240e+00
3.512195121951219523e+00
2.600000000000000089e+00
2.541666666666666519e+00
3.871794871794871806e+00
3.756097560975609539e+00
3.222222222222222321e+00
3.756097560975609539e+00
3.756097560975609539e+00
3.333333333333333481e+00
4.270270270270270174e+00
4.000000000000000000e+00
3.634146341463414753e+00
4.270270270270270174e+00
3.534883720930232620e+00
3.512195121951219523e+00
3.642857142857142794e+00
3.750000000000000000e+00
4.000000000000000000e+00
3.875000000000000000e+00
3.404761904761904656e+00
3.534883720930232620e+00
3.534883720930232620e+00
3.431818181818181657e+00
2.854166666666666519e+00
2.425925925925926041e+00
3.431818181818181657e+00
3.148936170212766061e+00
3.875000000000000000e+00
4.000000000000000000e+00
4.000000000000000000e+00
2.936170212765957466e+00
3.021739130434782705e+00
4.000000000000000000e+00
3.756097560975609539e+00
3.868421052631578760e+00
3.431818181818181657e+00
4.000000000000000000e+00
3.642857142857142794e+00
4.000000000000000000e+00
3.875000000000000000e+00
3.148936170212766061e+00
3.318181818181818343e+00
2.653846153846153744e+00
4.270270270270270174e+00
3.875000000000000000e+00
3.534883720930232620e+00
4.000000000000000000e+00
4.270270270270270174e+00
3.047619047619047450e+00
3.875000000000000000e+00
3.166666666666666519e+00
3.756097560975609539e+00
4.000000000000000000e+00
3.534883720930232620e+00
3.642857142857142794e+00
3.418604651162790553e+00
3.875000000000000000e+00
2.936170212765957466e+00
4.000000000000000000e+00
3.534883720930232620e+00
3.534883720930232620e+00
3.130434782608695787e+00
4.000000000000000000e+00
2.362068965517241548e+00
3.756097560975609539e+00
3.239130434782608869e+00
3.130434782608695787e+00
3.642857142857142794e+00
3.204545454545454586e+00
3.756097560975609539e+00
3.523809523809523725e+00
3.418604651162790553e+00
2.979591836734694077e+00
3.204545454545454586e+00
3.642857142857142794e+00
3.534883720930232620e+00
2.936170212765957466e+00
3.756097560975609539e+00
3.069767441860465240e+00
2.899999999999999911e+00
3.875000000000000000e+00
3.111111111111111160e+00
3.111111111111111160e+00
3.642857142857142794e+00
3.148936170212766061e+00
3.042553191489361541e+00
3.431818181818181657e+00
3.148936170212766061e+00
2.936170212765957466e+00
3.875000000000000000e+00
2.888888888888888840e+00
2.584905660377358583e+00
3.390243902439024293e+00
2.977272727272727071e+00
3.404761904761904656e+00
4.000000000000000000e+00
3.756097560975609539e+00
2.700000000000000178e+00
1.567567567567567544e+00
3.222222222222222321e+00
3.404761904761904656e+00
2.529411764705882248e+00
2.076923076923077094e+00
3.042553191489361541e+00
2.245614035087719174e+00
3.875000000000000000e+00
3.090909090909090828e+00
3.333333333333333481e+00
3.148936170212766061e+00
2.823529411764706065e+00
3.431818181818181657e+00
3.875000000000000000e+00
3.642857142857142794e+00
2.333333333333333481e+00
4.131578947368421240e+00
3.534883720930232620e+00
2.936170212765957466e+00
3.418604651162790553e+00
3.756097560975609539e+00
3.000000000000000000e+00
3.756097560975609539e+00
3.239130434782608869e+00
2.557692307692307487e+00
3.333333333333333481e+00
2.363636363636363757e+00
2.899999999999999911e+00
3.756097560975609539e+00
3.875000000000000000e+00
3.431818181818181657e+00
3.756097560975609539e+00
2.627450980392156854e+00
3.642857142857142794e+00
3.239130434782608869e+00
2.877551020408163129e+00
3.130434782608695787e+00
4.000000000000000000e+00
3.875000000000000000e+00
3.642857142857142794e+00
3.222222222222222321e+00
2.888888888888888840e+00
3.239130434782608869e+00
2.125000000000000000e+00
3.512195121951219523e+00
2.518518518518518601e+00
3.148936170212766061e+00
3.642857142857142794e+00
3.062500000000000000e+00
3.062500000000000000e+00
3.418604651162790553e+00
3.625000000000000000e+00
3.333333333333333481e+00
2.396226415094339757e+00
3.333333333333333481e+00
3.875000000000000000e+00
3.222222222222222321e+00
3.239130434782608869e+00
3.021739130434782705e+00
3.875000000000000000e+00
3.239130434782608869e+00
4.000000000000000000e+00
3.642857142857142794e+00
3.534883720930232620e+00
3.069767441860465240e+00
3.302325581395348930e+00
3.642857142857142794e+00
2.611111111111111160e+00
3.875000000000000000e+00
3.431818181818181657e+00
3.302325581395348930e+00
2.899999999999999911e+00
3.875000000000000000e+00
3.418604651162790553e+00
3.302325581395348930e+00
3.302325581395348930e+00
1.500000000000000000e+00
3.756097560975609539e+00
2.977272727272727071e+00
3.021739130434782705e+00
4.131578947368421240e+00
2.700000000000000178e+00
2.899999999999999911e+00
3.625000000000000000e+00
3.634146341463414753e+00
2.823529411764706065e+00
2.557692307692307487e+00
3.222222222222222321e+00
3.756097560975609539e+00
3.431818181818181657e+00
3.634146341463414753e+00
3.302325581395348930e+00
2.936170212765957466e+00
3.634146341463414753e+00
3.302325581395348930e+00
3.756097560975609539e+00
3.642857142857142794e+00
2.799999999999999822e+00
3.404761904761904656e+00
3.756097560975609539e+00
3.875000000000000000e+00
3.062500000000000000e+00
3.756097560975609539e+00
2.775510204081632626e+00
2.529411764705882248e+00
2.913043478260869623e+00
2.454545454545454586e+00
3.302325581395348930e+00
2.854166666666666519e+00
4.000000000000000000e+00
3.062500000000000000e+00
3.756097560975609539e+00
3.743589743589743613e+00
3.875000000000000000e+00
2.936170212765957466e+00
3.204545454545454586e+00
3.756097560975609539e+00
2.979591836734694077e+00
3.642857142857142794e+00
3.431818181818181657e+00
3.756097560975609539e+00
2.645833333333333481e+00
3.404761904761904656e+00
3.875000000000000000e+00
3.130434782608695787e+00
3.642857142857142794e+00
3.642857142857142794e+00
3.642857142857142794e+00
4.000000000000000000e+00
3.302325581395348930e+00
3.756097560975609539e+00
3.875000000000000000e+00
3.239130434782608869e+00
3.239130434782608869e+00
3.875000000000000000e+00
3.222222222222222321e+00
2.679245283018867774e+00
4.000000000000000000e+00
3.148936170212766061e+00
3.512195121951219523e+00
3.512195121951219523e+00
3.523809523809523725e+00
3.756097560975609539e+00
3.130434782608695787e+00
4.000000000000000000e+00
2.854166666666666519e+00
5.094339622641509413e-01
3.333333333333333481e+00
2.823529411764706065e+00
3.875000000000000000e+00
3.756097560975609539e+00
3.756097560975609539e+00
3.404761904761904656e+00
3.418604651162790553e+00
4.000000000000000000e+00
2.899999999999999911e+00
3.333333333333333481e+00
3.534883720930232620e+00
3.000000000000000000e+00
2.425925925925926041e+00
3.642857142857142794e+00
3.021739130434782705e+00
4.000000000000000000e+00
3.239130434782608869e+00
2.750000000000000000e+00
3.756097560975609539e+00
3.239130434782608869e+00
3.333333333333333481e+00
3.042553191489361541e+00
2.775510204081632626e+00
2.645833333333333481e+00
2.854166666666666519e+00
4.000000000000000000e+00
3.642857142857142794e+00
4.131578947368421240e+00
3.875000000000000000e+00
4.131578947368421240e+00
3.642857142857142794e+00
3.534883720930232620e+00
2.775510204081632626e+00
3.062500000000000000e+00
2.333333333333333481e+00
4.131578947368421240e+00
4.000000000000000000e+00
3.875000000000000000e+00
3.148936170212766061e+00
2.627450980392156854e+00
2.804347826086956541e+00
4.131578947368421240e+00
3.204545454545454586e+00
2.854166666666666519e+00
3.239130434782608869e+00
3.431818181818181657e+00
3.333333333333333481e+00
2.979591836734694077e+00
3.523809523809523725e+00
2.775510204081632626e+00
3.062500000000000000e+00
4.270270270270270174e+00
3.756097560975609539e+00
3.875000000000000000e+00
3.534883720930232620e+00
4.131578947368421240e+00
3.222222222222222321e+00
9.587628865979381798e-01
1.375000000000000000e+00
2.679245283018867774e+00
2.220338983050847315e+00
3.148936170212766061e+00
2.799999999999999822e+00
3.642857142857142794e+00
3.875000000000000000e+00
1.868852459016393519e+00
2.936170212765957466e+00
2.611111111111111160e+00
3.534883720930232620e+00
3.756097560975609539e+00
4.000000000000000000e+00
3.069767441860465240e+00
3.021739130434782705e+00
2.035714285714285587e+00
2.500000000000000000e+00
3.431818181818181657e+00
3.042553191489361541e+00
2.775510204081632626e+00
3.431818181818181657e+00
3.756097560975609539e+00
3.756097560975609539e+00
2.775510204081632626e+00
3.534883720930232620e+00
1.786885245901639330e+00
3.512195121951219523e+00
3.642857142857142794e+00
3.111111111111111160e+00
3.042553191489361541e+00
3.756097560975609539e+00
4.131578947368421240e+00
3.756097560975609539e+00
3.756097560975609539e+00
3.431818181818181657e+00
3.318181818181818343e+00
2.877551020408163129e+00
3.534883720930232620e+00
3.333333333333333481e+00
2.627450980392156854e+00
3.756097560975609539e+00
3.390243902439024293e+00
3.404761904761904656e+00
4.000000000000000000e+00
3.333333333333333481e+00
4.000000000000000000e+00
3.756097560975609539e+00
3.642857142857142794e+00
3.875000000000000000e+00
2.775510204081632626e+00
2.303571428571428381e+00
3.756097560975609539e+00
3.333333333333333481e+00
3.318181818181818343e+00
3.111111111111111160e+00
4.000000000000000000e+00
3.512195121951219523e+00
2.431372549019607643e+00
2.750000000000000000e+00
3.534883720930232620e+00
3.318181818181818343e+00
3.318181818181818343e+00
4.000000000000000000e+00
3.750000000000000000e+00
4.000000000000000000e+00
4.000000000000000000e+00
1.421875000000000000e+00
2.245614035087719174e+00
4.270270270270270174e+00
3.111111111111111160e+00
9.148936170212765839e-01
3.239130434782608869e+00
2.979591836734694077e+00
3.642857142857142794e+00
2.936170212765957466e+00
3.222222222222222321e+00
3.642857142857142794e+00
2.799999999999999822e+00
3.743589743589743613e+00
3.418604651162790553e+00
2.823529411764706065e+00
3.418604651162790553e+00
4.131578947368421240e+00
2.557692307692307487e+00
3.642857142857142794e+00
3.302325581395348930e+00
2.421052631578947345e+00
2.979591836734694077e+00
3.111111111111111160e+00
2.611111111111111160e+00
4.135135135135135087e+00
3.625000000000000000e+00
3.756097560975609539e+00
3.318181818181818343e+00
3.534883720930232620e+00
2.854166666666666519e+00
3.062500000000000000e+00
3.021739130434782705e+00
2.679245283018867774e+00
3.523809523809523725e+00
2.529411764705882248e+00
3.625000000000000000e+00
3.222222222222222321e+00
3.634146341463414753e+00
3.431818181818181657e+00
4.131578947368421240e+00
3.431818181818181657e+00
3.090909090909090828e+00
4.000000000000000000e+00
3.302325581395348930e+00
2.823529411764706065e+00
3.756097560975609539e+00
2.679245283018867774e+00
4.000000000000000000e+00
3.204545454545454586e+00
3.756097560975609539e+00
2.854166666666666519e+00
2.823529411764706065e+00
3.239130434782608869e+00
3.318181818181818343e+00
3.534883720930232620e+00
3.111111111111111160e+00
4.000000000000000000e+00
3.756097560975609539e+00
3.302325581395348930e+00
3.875000000000000000e+00
3.204545454545454586e+00
3.062500000000000000e+00
3.166666666666666519e+00
3.431818181818181657e+00
2.775510204081632626e+00
3.642857142857142794e+00
3.302325581395348930e+00
2.700000000000000178e+00
4.000000000000000000e+00
3.148936170212766061e+00
4.000000000000000000e+00
3.239130434782608869e+00
3.431818181818181657e+00
